# rs   ecorr_pz [Ry-au]
       0.001000000047      -0.525713206422
       0.011004502299      -0.376941640641
       0.021009004550      -0.337078441409
       0.031013506801      -0.313191673632
       0.041018009052      -0.296126502654
       0.051022511303      -0.282866364906
       0.061027013554      -0.272036945046
       0.071031515805      -0.262895426442
       0.081036018056      -0.254994553566
       0.091040520307      -0.248044063421
       0.101045022559      -0.241844863337
       0.111049524810      -0.236254452513
       0.121054027061      -0.231167324642
       0.131058529312      -0.226503180739
       0.141063031563      -0.222199491434
       0.151067533814      -0.218206614597
       0.161072036065      -0.214484482262
       0.171076538316      -0.211000288014
       0.181081040567      -0.207726832895
       0.191085542818      -0.204641316903
       0.201090045070      -0.201724439392
       0.211094547321      -0.198959718236
       0.221099049572      -0.196332966863
       0.231103551823      -0.193831887190
       0.241108054074      -0.191445748937
       0.251112556325      -0.189165134224
       0.261117058576      -0.186981732127
       0.271121560827      -0.184888171909
       0.281126063078      -0.182877886505
       0.291130565329      -0.180944999910
       0.301135067581      -0.179084233617
       0.311139569832      -0.177290828360
       0.321144072083      -0.175560478261
       0.331148574334      -0.173889275093
       0.341153076585      -0.172273660842
       0.351157578836      -0.170710387139
       0.361162081087      -0.169196480400
       0.371166583338      -0.167729211728
       0.381171085589      -0.166306070828
       0.391175587840      -0.164924743306
       0.401180090092      -0.163583090838
       0.411184592343      -0.162279133781
       0.421189094594      -0.161011035883
       0.431193596845      -0.159777090787
       0.441198099096      -0.158575710086
       0.451202601347      -0.157405412717
       0.461207103598      -0.156264815526
       0.471211605849      -0.155152624837
       0.481216108100      -0.154067628919
       0.491220610351      -0.153008691219
       0.501225112603      -0.151974744288
       0.511229614854      -0.150964784302
       0.521234117105      -0.149977866111
       0.531238619356      -0.149013098775
       0.541243121607      -0.148069641498
       0.551247623858      -0.147146699946
       0.561252126109      -0.146243522899
       0.571256628360      -0.145359399188
       0.581261130611      -0.144493654913
       0.591265632863      -0.143645650882
       0.601270135114      -0.142814780282
       0.611274637365      -0.142000466534
       0.621279139616      -0.141202161317
       0.631283641867      -0.140419342766
       0.641288144118      -0.139651513793
       0.651292646369      -0.138898200555
       0.661297148620      -0.138158951028
       0.671301650871      -0.137433333694
       0.681306153122      -0.136720936320
       0.691310655374      -0.136021364833
       0.701315157625      -0.135334242272
       0.711319659876      -0.134659207811
       0.721324162127      -0.133995915862
       0.731328664378      -0.133344035222
       0.741333166629      -0.132703248297
       0.751337668880      -0.132073250366
       0.761342171131      -0.131453748896
       0.771346673382      -0.130844462905
       0.781351175633      -0.130245122364
       0.791355677885      -0.129655467635
       0.801360180136      -0.129075248949
       0.811364682387      -0.128504225915
       0.821369184638      -0.127942167054
       0.831373686889      -0.127388849371
       0.841378189140      -0.126844057943
       0.851382691391      -0.126307585538
       0.861387193642      -0.125779232253
       0.871391695893      -0.125258805174
       0.881396198144      -0.124746118056
       0.891400700396      -0.124240991019
       0.901405202647      -0.123743250267
       0.911409704898      -0.123252727809
       0.921414207149      -0.122769261215
       0.931418709400      -0.122292693368
       0.941423211651      -0.121822872235
       0.951427713902      -0.121359650658
       0.961432216153      -0.120902886141
       0.971436718404      -0.120452440659
       0.981441220655      -0.120008180477
       0.991445722907      -0.119569975970
       1.001450225158      -0.119201856893
       1.011454727409      -0.118774749899
       1.021459229660      -0.118351967419
       1.031463731911      -0.117933431273
       1.041468234162      -0.117519065361
       1.051472736413      -0.117108795593
       1.061477238664      -0.116702549815
       1.071481740915      -0.116300257745
       1.081486243166      -0.115901850903
       1.091490745418      -0.115507262559
       1.101495247669      -0.115116427662
       1.111499749920      -0.114729282794
       1.121504252171      -0.114345766109
       1.131508754422      -0.113965817286
       1.141513256673      -0.113589377474
       1.151517758924      -0.113216389250
       1.161522261175      -0.112846796568
       1.171526763426      -0.112480544718
       1.181531265678      -0.112117580284
       1.191535767929      -0.111757851101
       1.201540270180      -0.111401306220
       1.211544772431      -0.111047895865
       1.221549274682      -0.110697571403
       1.231553776933      -0.110350285304
       1.241558279184      -0.110005991113
       1.251562781435      -0.109664643413
       1.261567283686      -0.109326197797
       1.271571785937      -0.108990610837
       1.281576288189      -0.108657840057
       1.291580790440      -0.108327843903
       1.301585292691      -0.108000581719
       1.311589794942      -0.107676013718
       1.321594297193      -0.107354100962
       1.331598799444      -0.107034805334
       1.341603301695      -0.106718089516
       1.351607803946      -0.106403916969
       1.361612306197      -0.106092251907
       1.371616808448      -0.105783059283
       1.381621310700      -0.105476304761
       1.391625812951      -0.105171954704
       1.401630315202      -0.104869976152
       1.411634817453      -0.104570336801
       1.421639319704      -0.104273004991
       1.431643821955      -0.103977949688
       1.441648324206      -0.103685140465
       1.451652826457      -0.103394547486
       1.461657328708      -0.103106141497
       1.471661830959      -0.102819893801
       1.481666333211      -0.102535776254
       1.491670835462      -0.102253761244
       1.501675337713      -0.101973821680
       1.511679839964      -0.101695930982
       1.521684342215      -0.101420063062
       1.531688844466      -0.101146192316
       1.541693346717      -0.100874293613
       1.551697848968      -0.100604342281
       1.561702351219      -0.100336314095
       1.571706853470      -0.100070185272
       1.581711355722      -0.099805932453
       1.591715857973      -0.099543532699
       1.601720360224      -0.099282963476
       1.611724862475      -0.099024202651
       1.621729364726      -0.098767228476
       1.631733866977      -0.098512019587
       1.641738369228      -0.098258554987
       1.651742871479      -0.098006814044
       1.661747373730      -0.097756776479
       1.671751875981      -0.097508422360
       1.681756378233      -0.097261732094
       1.691760880484      -0.097016686415
       1.701765382735      -0.096773266385
       1.711769884986      -0.096531453380
       1.721774387237      -0.096291229086
       1.731778889488      -0.096052575491
       1.741783391739      -0.095815474878
       1.751787893990      -0.095579909822
       1.761792396241      -0.095345863179
       1.771796898493      -0.095113318083
       1.781801400744      -0.094882257940
       1.791805902995      -0.094652666420
       1.801810405246      -0.094424527455
       1.811814907497      -0.094197825229
       1.821819409748      -0.093972544176
       1.831823911999      -0.093748668976
       1.841828414250      -0.093526184545
       1.851832916501      -0.093305076035
       1.861837418752      -0.093085328826
       1.871841921004      -0.092866928523
       1.881846423255      -0.092649860953
       1.891850925506      -0.092434112155
       1.901855427757      -0.092219668381
       1.911859930008      -0.092006516092
       1.921864432259      -0.091794641948
       1.931868934510      -0.091584032812
       1.941873436761      -0.091374675739
       1.951877939012      -0.091166557977
       1.961882441263      -0.090959666960
       1.971886943515      -0.090753990308
       1.981891445766      -0.090549515819
       1.991895948017      -0.090346231471
       2.001900450268      -0.090144125411
       2.011904952519      -0.089943185961
       2.021909454770      -0.089743401607
       2.031913957021      -0.089544760999
       2.041918459272      -0.089347252949
       2.051922961523      -0.089150866427
       2.061927463774      -0.088955590556
       2.071931966026      -0.088761414612
       2.081936468277      -0.088568328022
       2.091940970528      -0.088376320356
       2.101945472779      -0.088185381331
       2.111949975030      -0.087995500802
       2.121954477281      -0.087806668767
       2.131958979532      -0.087618875356
       2.141963481783      -0.087432110834
       2.151967984034      -0.087246365599
       2.161972486285      -0.087061630177
       2.171976988537      -0.086877895219
       2.181981490788      -0.086695151503
       2.191985993039      -0.086513389928
       2.201990495290      -0.086332601514
       2.211994997541      -0.086152777398
       2.221999499792      -0.085973908835
       2.232004002043      -0.085795987191
       2.242008504294      -0.085619003947
       2.252013006545      -0.085442950693
       2.262017508797      -0.085267819127
       2.272022011048      -0.085093601055
       2.282026513299      -0.084920288386
       2.292031015550      -0.084747873133
       2.302035517801      -0.084576347409
       2.312040020052      -0.084405703428
       2.322044522303      -0.084235933502
       2.332049024554      -0.084067030037
       2.342053526805      -0.083898985537
       2.352058029056      -0.083731792596
       2.362062531308      -0.083565443902
       2.372067033559      -0.083399932232
       2.382071535810      -0.083235250451
       2.392076038061      -0.083071391514
       2.402080540312      -0.082908348458
       2.412085042563      -0.082746114409
       2.422089544814      -0.082584682571
       2.432094047065      -0.082424046233
       2.442098549316      -0.082264198765
       2.452103051567      -0.082105133615
       2.462107553819      -0.081946844309
       2.472112056070      -0.081789324450
       2.482116558321      -0.081632567716
       2.492121060572      -0.081476567861
       2.502125562823      -0.081321318711
       2.512130065074      -0.081166814165
       2.522134567325      -0.081013048192
       2.532139069576      -0.080860014831
       2.542143571827      -0.080707708192
       2.552148074078      -0.080556122450
       2.562152576330      -0.080405251849
       2.572157078581      -0.080255090697
       2.582161580832      -0.080105633368
       2.592166083083      -0.079956874300
       2.602170585334      -0.079808807994
       2.612175087585      -0.079661429012
       2.622179589836      -0.079514731978
       2.632184092087      -0.079368711575
       2.642188594338      -0.079223362546
       2.652193096589      -0.079078679694
       2.662197598841      -0.078934657878
       2.672202101092      -0.078791292012
       2.682206603343      -0.078648577070
       2.692211105594      -0.078506508077
       2.702215607845      -0.078365080116
       2.712220110096      -0.078224288320
       2.722224612347      -0.078084127878
       2.732229114598      -0.077944594029
       2.742233616849      -0.077805682064
       2.752238119100      -0.077667387325
       2.762242621352      -0.077529705202
       2.772247123603      -0.077392631137
       2.782251625854      -0.077256160617
       2.792256128105      -0.077120289181
       2.802260630356      -0.076985012412
       2.812265132607      -0.076850325940
       2.822269634858      -0.076716225442
       2.832274137109      -0.076582706639
       2.842278639360      -0.076449765297
       2.852283141612      -0.076317397226
       2.862287643863      -0.076185598281
       2.872292146114      -0.076054364356
       2.882296648365      -0.075923691391
       2.892301150616      -0.075793575365
       2.902305652867      -0.075664012301
       2.912310155118      -0.075534998259
       2.922314657369      -0.075406529342
       2.932319159620      -0.075278601691
       2.942323661871      -0.075151211486
       2.952328164123      -0.075024354946
       2.962332666374      -0.074898028327
       2.972337168625      -0.074772227925
       2.982341670876      -0.074646950069
       2.992346173127      -0.074522191127
       3.002350675378      -0.074397947503
       3.012355177629      -0.074274215636
       3.022359679880      -0.074150991999
       3.032364182131      -0.074028273102
       3.042368684382      -0.073906055488
       3.052373186634      -0.073784335733
       3.062377688885      -0.073663110447
       3.072382191136      -0.073542376272
       3.082386693387      -0.073422129885
       3.092391195638      -0.073302367992
       3.102395697889      -0.073183087333
       3.112400200140      -0.073064284678
       3.122404702391      -0.072945956827
       3.132409204642      -0.072828100613
       3.142413706893      -0.072710712897
       3.152418209145      -0.072593790570
       3.162422711396      -0.072477330554
       3.172427213647      -0.072361329798
       3.182431715898      -0.072245785280
       3.192436218149      -0.072130694008
       3.202440720400      -0.072016053015
       3.212445222651      -0.071901859365
       3.222449724902      -0.071788110146
       3.232454227153      -0.071674802475
       3.242458729404      -0.071561933495
       3.252463231656      -0.071449500376
       3.262467733907      -0.071337500313
       3.272472236158      -0.071225930526
       3.282476738409      -0.071114788262
       3.292481240660      -0.071004070793
       3.302485742911      -0.070893775415
       3.312490245162      -0.070783899448
       3.322494747413      -0.070674440237
       3.332499249664      -0.070565395151
       3.342503751915      -0.070456761582
       3.352508254167      -0.070348536945
       3.362512756418      -0.070240718680
       3.372517258669      -0.070133304248
       3.382521760920      -0.070026291133
       3.392526263171      -0.069919676841
       3.402530765422      -0.069813458900
       3.412535267673      -0.069707634861
       3.422539769924      -0.069602202295
       3.432544272175      -0.069497158795
       3.442548774427      -0.069392501974
       3.452553276678      -0.069288229468
       3.462557778929      -0.069184338931
       3.472562281180      -0.069080828040
       3.482566783431      -0.068977694489
       3.492571285682      -0.068874935993
       3.502575787933      -0.068772550289
       3.512580290184      -0.068670535130
       3.522584792435      -0.068568888290
       3.532589294686      -0.068467607562
       3.542593796938      -0.068366690757
       3.552598299189      -0.068266135704
       3.562602801440      -0.068165940254
       3.572607303691      -0.068066102271
       3.582611805942      -0.067966619640
       3.592616308193      -0.067867490263
       3.602620810444      -0.067768712061
       3.612625312695      -0.067670282970
       3.622629814946      -0.067572200945
       3.632634317197      -0.067474463956
       3.642638819449      -0.067377069993
       3.652643321700      -0.067280017059
       3.662647823951      -0.067183303176
       3.672652326202      -0.067086926381
       3.682656828453      -0.066990884729
       3.692661330704      -0.066895176287
       3.702665832955      -0.066799799143
       3.712670335206      -0.066704751396
       3.722674837457      -0.066610031163
       3.732679339708      -0.066515636575
       3.742683841960      -0.066421565780
       3.752688344211      -0.066327816938
       3.762692846462      -0.066234388226
       3.772697348713      -0.066141277835
       3.782701850964      -0.066048483970
       3.792706353215      -0.065956004852
       3.802710855466      -0.065863838713
       3.812715357717      -0.065771983804
       3.822719859968      -0.065680438384
       3.832724362219      -0.065589200730
       3.842728864471      -0.065498269131
       3.852733366722      -0.065407641890
       3.862737868973      -0.065317317323
       3.872742371224      -0.065227293759
       3.882746873475      -0.065137569540
       3.892751375726      -0.065048143022
       3.902755877977      -0.064959012572
       3.912760380228      -0.064870176571
       3.922764882479      -0.064781633413
       3.932769384731      -0.064693381502
       3.942773886982      -0.064605419257
       3.952778389233      -0.064517745109
       3.962782891484      -0.064430357498
       3.972787393735      -0.064343254878
       3.982791895986      -0.064256435717
       3.992796398237      -0.064169898491
       4.002800900488      -0.064083641688
       4.012805402739      -0.063997663811
       4.022809904990      -0.063911963369
       4.032814407242      -0.063826538888
       4.042818909493      -0.063741388899
       4.052823411744      -0.063656511950
       4.062827913995      -0.063571906596
       4.072832416246      -0.063487571403
       4.082836918497      -0.063403504949
       4.092841420748      -0.063319705823
       4.102845922999      -0.063236172623
       4.112850425250      -0.063152903958
       4.122854927501      -0.063069898447
       4.132859429753      -0.062987154720
       4.142863932004      -0.062904671417
       4.152868434255      -0.062822447186
       4.162872936506      -0.062740480688
       4.172877438757      -0.062658770591
       4.182881941008      -0.062577315574
       4.192886443259      -0.062496114327
       4.202890945510      -0.062415165547
       4.212895447761      -0.062334467941
       4.222899950012      -0.062254020227
       4.232904452264      -0.062173821131
       4.242908954515      -0.062093869387
       4.252913456766      -0.062014163741
       4.262917959017      -0.061934702945
       4.272922461268      -0.061855485763
       4.282926963519      -0.061776510964
       4.292931465770      -0.061697777329
       4.302935968021      -0.061619283646
       4.312940470272      -0.061541028714
       4.322944972523      -0.061463011336
       4.332949474775      -0.061385230327
       4.342953977026      -0.061307684511
       4.352958479277      -0.061230372716
       4.362962981528      -0.061153293783
       4.372967483779      -0.061076446558
       4.382971986030      -0.060999829897
       4.392976488281      -0.060923442662
       4.402980990532      -0.060847283724
       4.412985492783      -0.060771351963
       4.422989995034      -0.060695646265
       4.432994497286      -0.060620165524
       4.442998999537      -0.060544908642
       4.453003501788      -0.060469874528
       4.463008004039      -0.060395062100
       4.473012506290      -0.060320470281
       4.483017008541      -0.060246098005
       4.493021510792      -0.060171944209
       4.503026013043      -0.060098007839
       4.513030515294      -0.060024287850
       4.523035017546      -0.059950783202
       4.533039519797      -0.059877492863
       4.543044022048      -0.059804415806
       4.553048524299      -0.059731551014
       4.563053026550      -0.059658897475
       4.573057528801      -0.059586454183
       4.583062031052      -0.059514220142
       4.593066533303      -0.059442194358
       4.603071035554      -0.059370375848
       4.613075537805      -0.059298763633
       4.623080040057      -0.059227356742
       4.633084542308      -0.059156154208
       4.643089044559      -0.059085155074
       4.653093546810      -0.059014358386
       4.663098049061      -0.058943763198
       4.673102551312      -0.058873368571
       4.683107053563      -0.058803173569
       4.693111555814      -0.058733177266
       4.703116058065      -0.058663378740
       4.713120560316      -0.058593777075
       4.723125062568      -0.058524371361
       4.733129564819      -0.058455160694
       4.743134067070      -0.058386144177
       4.753138569321      -0.058317320918
       4.763143071572      -0.058248690030
       4.773147573823      -0.058180250632
       4.783152076074      -0.058112001850
       4.793156578325      -0.058043942814
       4.803161080576      -0.057976072661
       4.813165582827      -0.057908390532
       4.823170085079      -0.057840895575
       4.833174587330      -0.057773586942
       4.843179089581      -0.057706463791
       4.853183591832      -0.057639525287
       4.863188094083      -0.057572770598
       4.873192596334      -0.057506198897
       4.883197098585      -0.057439809365
       4.893201600836      -0.057373601185
       4.903206103087      -0.057307573547
       4.913210605338      -0.057241725647
       4.923215107590      -0.057176056683
       4.933219609841      -0.057110565860
       4.943224112092      -0.057045252389
       4.953228614343      -0.056980115483
       4.963233116594      -0.056915154363
       4.973237618845      -0.056850368253
       4.983242121096      -0.056785756381
       4.993246623347      -0.056721317983
       5.003251125598      -0.056657052296
       5.013255627850      -0.056592958565
       5.023260130101      -0.056529036036
       5.033264632352      -0.056465283964
       5.043269134603      -0.056401701605
       5.053273636854      -0.056338288221
       5.063278139105      -0.056275043078
       5.073282641356      -0.056211965448
       5.083287143607      -0.056149054605
       5.093291645858      -0.056086309829
       5.103296148109      -0.056023730405
       5.113300650361      -0.055961315620
       5.123305152612      -0.055899064768
       5.133309654863      -0.055836977145
       5.143314157114      -0.055775052053
       5.153318659365      -0.055713288796
       5.163323161616      -0.055651686686
       5.173327663867      -0.055590245034
       5.183332166118      -0.055528963159
       5.193336668369      -0.055467840384
       5.203341170620      -0.055406876033
       5.213345672872      -0.055346069438
       5.223350175123      -0.055285419931
       5.233354677374      -0.055224926851
       5.243359179625      -0.055164589539
       5.253363681876      -0.055104407342
       5.263368184127      -0.055044379608
       5.273372686378      -0.054984505692
       5.283377188629      -0.054924784950
       5.293381690880      -0.054865216743
       5.303386193131      -0.054805800436
       5.313390695383      -0.054746535398
       5.323395197634      -0.054687421000
       5.333399699885      -0.054628456619
       5.343404202136      -0.054569641633
       5.353408704387      -0.054510975426
       5.363413206638      -0.054452457384
       5.373417708889      -0.054394086898
       5.383422211140      -0.054335863361
       5.393426713391      -0.054277786170
       5.403431215642      -0.054219854726
       5.413435717894      -0.054162068433
       5.423440220145      -0.054104426698
       5.433444722396      -0.054046928933
       5.443449224647      -0.053989574551
       5.453453726898      -0.053932362970
       5.463458229149      -0.053875293611
       5.473462731400      -0.053818365899
       5.483467233651      -0.053761579260
       5.493471735902      -0.053704933126
       5.503476238153      -0.053648426931
       5.513480740405      -0.053592060111
       5.523485242656      -0.053535832107
       5.533489744907      -0.053479742362
       5.543494247158      -0.053423790323
       5.553498749409      -0.053367975440
       5.563503251660      -0.053312297166
       5.573507753911      -0.053256754956
       5.583512256162      -0.053201348269
       5.593516758413      -0.053146076568
       5.603521260665      -0.053090939316
       5.613525762916      -0.053035935983
       5.623530265167      -0.052981066039
       5.633534767418      -0.052926328957
       5.643539269669      -0.052871724215
       5.653543771920      -0.052817251291
       5.663548274171      -0.052762909669
       5.673552776422      -0.052708698833
       5.683557278673      -0.052654618273
       5.693561780924      -0.052600667478
       5.703566283176      -0.052546845942
       5.713570785427      -0.052493153163
       5.723575287678      -0.052439588638
       5.733579789929      -0.052386151871
       5.743584292180      -0.052332842366
       5.753588794431      -0.052279659629
       5.763593296682      -0.052226603172
       5.773597798933      -0.052173672507
       5.783602301184      -0.052120867150
       5.793606803435      -0.052068186617
       5.803611305687      -0.052015630430
       5.813615807938      -0.051963198112
       5.823620310189      -0.051910889189
       5.833624812440      -0.051858703188
       5.843629314691      -0.051806639642
       5.853633816942      -0.051754698082
       5.863638319193      -0.051702878044
       5.873642821444      -0.051651179068
       5.883647323695      -0.051599600693
       5.893651825946      -0.051548142462
       5.903656328198      -0.051496803922
       5.913660830449      -0.051445584621
       5.923665332700      -0.051394484108
       5.933669834951      -0.051343501936
       5.943674337202      -0.051292637660
       5.953678839453      -0.051241890839
       5.963683341704      -0.051191261031
       5.973687843955      -0.051140747799
       5.983692346206      -0.051090350707
       5.993696848457      -0.051040069321
       6.003701350709      -0.050989903212
       6.013705852960      -0.050939851949
       6.023710355211      -0.050889915106
       6.033714857462      -0.050840092259
       6.043719359713      -0.050790382986
       6.053723861964      -0.050740786866
       6.063728364215      -0.050691303482
       6.073732866466      -0.050641932418
       6.083737368717      -0.050592673261
       6.093741870968      -0.050543525599
       6.103746373220      -0.050494489023
       6.113750875471      -0.050445563126
       6.123755377722      -0.050396747503
       6.133759879973      -0.050348041751
       6.143764382224      -0.050299445468
       6.153768884475      -0.050250958256
       6.163773386726      -0.050202579718
       6.173777888977      -0.050154309459
       6.183782391228      -0.050106147087
       6.193786893480      -0.050058092211
       6.203791395731      -0.050010144441
       6.213795897982      -0.049962303390
       6.223800400233      -0.049914568675
       6.233804902484      -0.049866939912
       6.243809404735      -0.049819416719
       6.253813906986      -0.049771998718
       6.263818409237      -0.049724685531
       6.273822911488      -0.049677476784
       6.283827413739      -0.049630372102
       6.293831915991      -0.049583371114
       6.303836418242      -0.049536473451
       6.313840920493      -0.049489678744
       6.323845422744      -0.049442986627
       6.333849924995      -0.049396396736
       6.343854427246      -0.049349908709
       6.353858929497      -0.049303522185
       6.363863431748      -0.049257236805
       6.373867933999      -0.049211052212
       6.383872436250      -0.049164968050
       6.393876938502      -0.049118983967
       6.403881440753      -0.049073099611
       6.413885943004      -0.049027314630
       6.423890445255      -0.048981628677
       6.433894947506      -0.048936041406
       6.443899449757      -0.048890552471
       6.453903952008      -0.048845161528
       6.463908454259      -0.048799868237
       6.473912956510      -0.048754672257
       6.483917458761      -0.048709573251
       6.493921961013      -0.048664570881
       6.503926463264      -0.048619664812
       6.513930965515      -0.048574854711
       6.523935467766      -0.048530140246
       6.533939970017      -0.048485521088
       6.543944472268      -0.048440996906
       6.553948974519      -0.048396567376
       6.563953476770      -0.048352232170
       6.573957979021      -0.048307990965
       6.583962481272      -0.048263843440
       6.593966983524      -0.048219789272
       6.603971485775      -0.048175828143
       6.613975988026      -0.048131959735
       6.623980490277      -0.048088183733
       6.633984992528      -0.048044499820
       6.643989494779      -0.048000907684
       6.653993997030      -0.047957407014
       6.663998499281      -0.047913997499
       6.674003001532      -0.047870678831
       6.684007503784      -0.047827450701
       6.694012006035      -0.047784312805
       6.704016508286      -0.047741264837
       6.714021010537      -0.047698306495
       6.724025512788      -0.047655437478
       6.734030015039      -0.047612657485
       6.744034517290      -0.047569966217
       6.754039019541      -0.047527363378
       6.764043521792      -0.047484848671
       6.774048024043      -0.047442421801
       6.784052526295      -0.047400082477
       6.794057028546      -0.047357830405
       6.804061530797      -0.047315665295
       6.814066033048      -0.047273586858
       6.824070535299      -0.047231594807
       6.834075037550      -0.047189688855
       6.844079539801      -0.047147868717
       6.854084042052      -0.047106134110
       6.864088544303      -0.047064484750
       6.874093046554      -0.047022920356
       6.884097548806      -0.046981440649
       6.894102051057      -0.046940045351
       6.904106553308      -0.046898734183
       6.914111055559      -0.046857506870
       6.924115557810      -0.046816363138
       6.934120060061      -0.046775302711
       6.944124562312      -0.046734325319
       6.954129064563      -0.046693430691
       6.964133566814      -0.046652618555
       6.974138069065      -0.046611888645
       6.984142571317      -0.046571240693
       6.994147073568      -0.046530674431
       7.004151575819      -0.046490189597
       7.014156078070      -0.046449785925
       7.024160580321      -0.046409463154
       7.034165082572      -0.046369221021
       7.044169584823      -0.046329059268
       7.054174087074      -0.046288977634
       7.064178589325      -0.046248975862
       7.074183091576      -0.046209053696
       7.084187593828      -0.046169210879
       7.094192096079      -0.046129447158
       7.104196598330      -0.046089762279
       7.114201100581      -0.046050155990
       7.124205602832      -0.046010628040
       7.134210105083      -0.045971178180
       7.144214607334      -0.045931806160
       7.154219109585      -0.045892511733
       7.164223611836      -0.045853294652
       7.174228114087      -0.045814154672
       7.184232616339      -0.045775091549
       7.194237118590      -0.045736105038
       7.204241620841      -0.045697194899
       7.214246123092      -0.045658360890
       7.224250625343      -0.045619602770
       7.234255127594      -0.045580920301
       7.244259629845      -0.045542313245
       7.254264132096      -0.045503781364
       7.264268634347      -0.045465324423
       7.274273136599      -0.045426942188
       7.284277638850      -0.045388634424
       7.294282141101      -0.045350400898
       7.304286643352      -0.045312241378
       7.314291145603      -0.045274155635
       7.324295647854      -0.045236143437
       7.334300150105      -0.045198204557
       7.344304652356      -0.045160338766
       7.354309154607      -0.045122545837
       7.364313656858      -0.045084825545
       7.374318159110      -0.045047177665
       7.384322661361      -0.045009601974
       7.394327163612      -0.044972098247
       7.404331665863      -0.044934666263
       7.414336168114      -0.044897305802
       7.424340670365      -0.044860016642
       7.434345172616      -0.044822798565
       7.444349674867      -0.044785651353
       7.454354177118      -0.044748574789
       7.464358679369      -0.044711568656
       7.474363181621      -0.044674632738
       7.484367683872      -0.044637766822
       7.494372186123      -0.044600970694
       7.504376688374      -0.044564244140
       7.514381190625      -0.044527586950
       7.524385692876      -0.044490998913
       7.534390195127      -0.044454479817
       7.544394697378      -0.044418029456
       7.554399199629      -0.044381647619
       7.564403701880      -0.044345334101
       7.574408204132      -0.044309088694
       7.584412706383      -0.044272911193
       7.594417208634      -0.044236801393
       7.604421710885      -0.044200759091
       7.614426213136      -0.044164784082
       7.624430715387      -0.044128876167
       7.634435217638      -0.044093035142
       7.644439719889      -0.044057260807
       7.654444222140      -0.044021552964
       7.664448724391      -0.043985911412
       7.674453226643      -0.043950335955
       7.684457728894      -0.043914826394
       7.694462231145      -0.043879382535
       7.704466733396      -0.043844004180
       7.714471235647      -0.043808691136
       7.724475737898      -0.043773443209
       7.734480240149      -0.043738260205
       7.744484742400      -0.043703141932
       7.754489244651      -0.043668088199
       7.764493746902      -0.043633098815
       7.774498249154      -0.043598173591
       7.784502751405      -0.043563312336
       7.794507253656      -0.043528514863
       7.804511755907      -0.043493780983
       7.814516258158      -0.043459110511
       7.824520760409      -0.043424503260
       7.834525262660      -0.043389959045
       7.844529764911      -0.043355477682
       7.854534267162      -0.043321058985
       7.864538769414      -0.043286702774
       7.874543271665      -0.043252408864
       7.884547773916      -0.043218177075
       7.894552276167      -0.043184007226
       7.904556778418      -0.043149899136
       7.914561280669      -0.043115852627
       7.924565782920      -0.043081867520
       7.934570285171      -0.043047943636
       7.944574787422      -0.043014080799
       7.954579289673      -0.042980278832
       7.964583791925      -0.042946537559
       7.974588294176      -0.042912856806
       7.984592796427      -0.042879236397
       7.994597298678      -0.042845676160
       8.004601800929      -0.042812175921
       8.014606303180      -0.042778735508
       8.024610805431      -0.042745354749
       8.034615307682      -0.042712033474
       8.044619809933      -0.042678771512
       8.054624312184      -0.042645568694
       8.064628814436      -0.042612424850
       8.074633316687      -0.042579339814
       8.084637818938      -0.042546313416
       8.094642321189      -0.042513345491
       8.104646823440      -0.042480435871
       8.114651325691      -0.042447584393
       8.124655827942      -0.042414790889
       8.134660330193      -0.042382055197
       8.144664832444      -0.042349377153
       8.154669334695      -0.042316756594
       8.164673836947      -0.042284193357
       8.174678339198      -0.042251687281
       8.184682841449      -0.042219238205
       8.194687343700      -0.042186845968
       8.204691845951      -0.042154510410
       8.214696348202      -0.042122231373
       8.224700850453      -0.042090008698
       8.234705352704      -0.042057842227
       8.244709854955      -0.042025731802
       8.254714357206      -0.041993677268
       8.264718859458      -0.041961678467
       8.274723361709      -0.041929735244
       8.284727863960      -0.041897847445
       8.294732366211      -0.041866014916
       8.304736868462      -0.041834237502
       8.314741370713      -0.041802515050
       8.324745872964      -0.041770847408
       8.334750375215      -0.041739234425
       8.344754877466      -0.041707675948
       8.354759379718      -0.041676171827
       8.364763881969      -0.041644721912
       8.374768384220      -0.041613326053
       8.384772886471      -0.041581984102
       8.394777388722      -0.041550695910
       8.404781890973      -0.041519461328
       8.414786393224      -0.041488280210
       8.424790895475      -0.041457152409
       8.434795397726      -0.041426077779
       8.444799899977      -0.041395056174
       8.454804402229      -0.041364087449
       8.464808904480      -0.041333171460
       8.474813406731      -0.041302308062
       8.484817908982      -0.041271497113
       8.494822411233      -0.041240738468
       8.504826913484      -0.041210031987
       8.514831415735      -0.041179377527
       8.524835917986      -0.041148774947
       8.534840420237      -0.041118224105
       8.544844922488      -0.041087724863
       8.554849424740      -0.041057277081
       8.564853926991      -0.041026880618
       8.574858429242      -0.040996535337
       8.584862931493      -0.040966241099
       8.594867433744      -0.040935997768
       8.604871935995      -0.040905805205
       8.614876438246      -0.040875663274
       8.624880940497      -0.040845571839
       8.634885442748      -0.040815530765
       8.644889944999      -0.040785539917
       8.654894447251      -0.040755599160
       8.664898949502      -0.040725708360
       8.674903451753      -0.040695867383
       8.684907954004      -0.040666076097
       8.694912456255      -0.040636334369
       8.704916958506      -0.040606642066
       8.714921460757      -0.040576999058
       8.724925963008      -0.040547405214
       8.734930465259      -0.040517860402
       8.744934967510      -0.040488364492
       8.754939469762      -0.040458917355
       8.764943972013      -0.040429518863
       8.774948474264      -0.040400168885
       8.784952976515      -0.040370867294
       8.794957478766      -0.040341613963
       8.804961981017      -0.040312408763
       8.814966483268      -0.040283251569
       8.824970985519      -0.040254142253
       8.834975487770      -0.040225080690
       8.844979990021      -0.040196066754
       8.854984492273      -0.040167100321
       8.864988994524      -0.040138181267
       8.874993496775      -0.040109309466
       8.884997999026      -0.040080484795
       8.895002501277      -0.040051707132
       8.905007003528      -0.040022976353
       8.915011505779      -0.039994292336
       8.925016008030      -0.039965654960
       8.935020510281      -0.039937064103
       8.945025012533      -0.039908519645
       8.955029514784      -0.039880021463
       8.965034017035      -0.039851569440
       8.975038519286      -0.039823163454
       8.985043021537      -0.039794803387
       8.995047523788      -0.039766489120
       9.005052026039      -0.039738220535
       9.015056528290      -0.039709997513
       9.025061030541      -0.039681819938
       9.035065532792      -0.039653687692
       9.045070035044      -0.039625600658
       9.055074537295      -0.039597558720
       9.065079039546      -0.039569561763
       9.075083541797      -0.039541609671
       9.085088044048      -0.039513702329
       9.095092546299      -0.039485839622
       9.105097048550      -0.039458021436
       9.115101550801      -0.039430247658
       9.125106053052      -0.039402518174
       9.135110555303      -0.039374832870
       9.145115057555      -0.039347191636
       9.155119559806      -0.039319594357
       9.165124062057      -0.039292040924
       9.175128564308      -0.039264531223
       9.185133066559      -0.039237065144
       9.195137568810      -0.039209642577
       9.205142071061      -0.039182263411
       9.215146573312      -0.039154927537
       9.225151075563      -0.039127634845
       9.235155577814      -0.039100385226
       9.245160080066      -0.039073178571
       9.255164582317      -0.039046014772
       9.265169084568      -0.039018893721
       9.275173586819      -0.038991815311
       9.285178089070      -0.038964779434
       9.295182591321      -0.038937785983
       9.305187093572      -0.038910834853
       9.315191595823      -0.038883925937
       9.325196098074      -0.038857059130
       9.335200600325      -0.038830234325
       9.345205102577      -0.038803451419
       9.355209604828      -0.038776710306
       9.365214107079      -0.038750010883
       9.375218609330      -0.038723353045
       9.385223111581      -0.038696736689
       9.395227613832      -0.038670161713
       9.405232116083      -0.038643628012
       9.415236618334      -0.038617135485
       9.425241120585      -0.038590684029
       9.435245622836      -0.038564273543
       9.445250125088      -0.038537903926
       9.455254627339      -0.038511575076
       9.465259129590      -0.038485286893
       9.475263631841      -0.038459039276
       9.485268134092      -0.038432832126
       9.495272636343      -0.038406665342
       9.505277138594      -0.038380538826
       9.515281640845      -0.038354452478
       9.525286143096      -0.038328406200
       9.535290645348      -0.038302399893
       9.545295147599      -0.038276433460
       9.555299649850      -0.038250506803
       9.565304152101      -0.038224619824
       9.575308654352      -0.038198772427
       9.585313156603      -0.038172964515
       9.595317658854      -0.038147195992
       9.605322161105      -0.038121466761
       9.615326663356      -0.038095776727
       9.625331165607      -0.038070125795
       9.635335667859      -0.038044513869
       9.645340170110      -0.038018940855
       9.655344672361      -0.037993406659
       9.665349174612      -0.037967911186
       9.675353676863      -0.037942454343
       9.685358179114      -0.037917036036
       9.695362681365      -0.037891656172
       9.705367183616      -0.037866314658
       9.715371685867      -0.037841011402
       9.725376188118      -0.037815746312
       9.735380690370      -0.037790519295
       9.745385192621      -0.037765330261
       9.755389694872      -0.037740179118
       9.765394197123      -0.037715065774
       9.775398699374      -0.037689990140
       9.785403201625      -0.037664952124
       9.795407703876      -0.037639951637
       9.805412206127      -0.037614988589
       9.815416708378      -0.037590062891
       9.825421210629      -0.037565174453
       9.835425712881      -0.037540323187
       9.845430215132      -0.037515509004
       9.855434717383      -0.037490731815
       9.865439219634      -0.037465991533
       9.875443721885      -0.037441288070
       9.885448224136      -0.037416621338
       9.895452726387      -0.037391991251
       9.905457228638      -0.037367397721
       9.915461730889      -0.037342840662
       9.925466233140      -0.037318319988
       9.935470735392      -0.037293835612
       9.945475237643      -0.037269387450
       9.955479739894      -0.037244975415
       9.965484242145      -0.037220599422
       9.975488744396      -0.037196259387
       9.985493246647      -0.037171955225
       9.995497748898      -0.037147686851
      10.005502251149      -0.037123454182
      10.015506753400      -0.037099257134
      10.025511255652      -0.037075095623
      10.035515757903      -0.037050969566
      10.045520260154      -0.037026878880
      10.055524762405      -0.037002823483
      10.065529264656      -0.036978803291
      10.075533766907      -0.036954818224
      10.085538269158      -0.036930868198
      10.095542771409      -0.036906953132
      10.105547273660      -0.036883072945
      10.115551775911      -0.036859227557
      10.125556278163      -0.036835416885
      10.135560780414      -0.036811640849
      10.145565282665      -0.036787899370
      10.155569784916      -0.036764192367
      10.165574287167      -0.036740519759
      10.175578789418      -0.036716881469
      10.185583291669      -0.036693277416
      10.195587793920      -0.036669707521
      10.205592296171      -0.036646171705
      10.215596798422      -0.036622669891
      10.225601300674      -0.036599201999
      10.235605802925      -0.036575767952
      10.245610305176      -0.036552367672
      10.255614807427      -0.036529001081
      10.265619309678      -0.036505668103
      10.275623811929      -0.036482368659
      10.285628314180      -0.036459102673
      10.295632816431      -0.036435870069
      10.305637318682      -0.036412670771
      10.315641820933      -0.036389504701
      10.325646323185      -0.036366371785
      10.335650825436      -0.036343271947
      10.345655327687      -0.036320205111
      10.355659829938      -0.036297171203
      10.365664332189      -0.036274170146
      10.375668834440      -0.036251201868
      10.385673336691      -0.036228266293
      10.395677838942      -0.036205363347
      10.405682341193      -0.036182492957
      10.415686843444      -0.036159655048
      10.425691345696      -0.036136849547
      10.435695847947      -0.036114076381
      10.445700350198      -0.036091335477
      10.455704852449      -0.036068626761
      10.465709354700      -0.036045950163
      10.475713856951      -0.036023305608
      10.485718359202      -0.036000693025
      10.495722861453      -0.035978112342
      10.505727363704      -0.035955563488
      10.515731865955      -0.035933046390
      10.525736368207      -0.035910560978
      10.535740870458      -0.035888107181
      10.545745372709      -0.035865684928
      10.555749874960      -0.035843294148
      10.565754377211      -0.035820934772
      10.575758879462      -0.035798606728
      10.585763381713      -0.035776309947
      10.595767883964      -0.035754044360
      10.605772386215      -0.035731809896
      10.615776888467      -0.035709606487
      10.625781390718      -0.035687434064
      10.635785892969      -0.035665292557
      10.645790395220      -0.035643181898
      10.655794897471      -0.035621102019
      10.665799399722      -0.035599052852
      10.675803901973      -0.035577034327
      10.685808404224      -0.035555046379
      10.695812906475      -0.035533088938
      10.705817408726      -0.035511161938
      10.715821910978      -0.035489265312
      10.725826413229      -0.035467398992
      10.735830915480      -0.035445562913
      10.745835417731      -0.035423757006
      10.755839919982      -0.035401981206
      10.765844422233      -0.035380235447
      10.775848924484      -0.035358519663
      10.785853426735      -0.035336833788
      10.795857928986      -0.035315177756
      10.805862431237      -0.035293551502
      10.815866933489      -0.035271954962
      10.825871435740      -0.035250388069
      10.835875937991      -0.035228850760
      10.845880440242      -0.035207342970
      10.855884942493      -0.035185864633
      10.865889444744      -0.035164415687
      10.875893946995      -0.035142996068
      10.885898449246      -0.035121605710
      10.895902951497      -0.035100244552
      10.905907453748      -0.035078912528
      10.915911956000      -0.035057609577
      10.925916458251      -0.035036335636
      10.935920960502      -0.035015090640
      10.945925462753      -0.034993874528
      10.955929965004      -0.034972687237
      10.965934467255      -0.034951528706
      10.975938969506      -0.034930398871
      10.985943471757      -0.034909297671
      10.995947974008      -0.034888225044
      11.005952476259      -0.034867180929
      11.015956978511      -0.034846165265
      11.025961480762      -0.034825177989
      11.035965983013      -0.034804219042
      11.045970485264      -0.034783288362
      11.055974987515      -0.034762385889
      11.065979489766      -0.034741511562
      11.075983992017      -0.034720665321
      11.085988494268      -0.034699847107
      11.095992996519      -0.034679056858
      11.105997498770      -0.034658294516
      11.116002001022      -0.034637560020
      11.126006503273      -0.034616853312
      11.136011005524      -0.034596174332
      11.146015507775      -0.034575523021
      11.156020010026      -0.034554899320
      11.166024512277      -0.034534303171
      11.176029014528      -0.034513734516
      11.186033516779      -0.034493193295
      11.196038019030      -0.034472679450
      11.206042521282      -0.034452192924
      11.216047023533      -0.034431733659
      11.226051525784      -0.034411301597
      11.236056028035      -0.034390896681
      11.246060530286      -0.034370518853
      11.256065032537      -0.034350168056
      11.266069534788      -0.034329844233
      11.276074037039      -0.034309547328
      11.286078539290      -0.034289277283
      11.296083041541      -0.034269034043
      11.306087543793      -0.034248817550
      11.316092046044      -0.034228627749
      11.326096548295      -0.034208464584
      11.336101050546      -0.034188327999
      11.346105552797      -0.034168217938
      11.356110055048      -0.034148134345
      11.366114557299      -0.034128077166
      11.376119059550      -0.034108046345
      11.386123561801      -0.034088041827
      11.396128064052      -0.034068063557
      11.406132566304      -0.034048111481
      11.416137068555      -0.034028185544
      11.426141570806      -0.034008285691
      11.436146073057      -0.033988411869
      11.446150575308      -0.033968564022
      11.456155077559      -0.033948742098
      11.466159579810      -0.033928946043
      11.476164082061      -0.033909175802
      11.486168584312      -0.033889431323
      11.496173086563      -0.033869712552
      11.506177588815      -0.033850019435
      11.516182091066      -0.033830351921
      11.526186593317      -0.033810709956
      11.536191095568      -0.033791093487
      11.546195597819      -0.033771502461
      11.556200100070      -0.033751936827
      11.566204602321      -0.033732396532
      11.576209104572      -0.033712881524
      11.586213606823      -0.033693391751
      11.596218109074      -0.033673927161
      11.606222611326      -0.033654487703
      11.616227113577      -0.033635073324
      11.626231615828      -0.033615683975
      11.636236118079      -0.033596319602
      11.646240620330      -0.033576980156
      11.656245122581      -0.033557665585
      11.666249624832      -0.033538375839
      11.676254127083      -0.033519110866
      11.686258629334      -0.033499870617
      11.696263131586      -0.033480655041
      11.706267633837      -0.033461464087
      11.716272136088      -0.033442297706
      11.726276638339      -0.033423155848
      11.736281140590      -0.033404038463
      11.746285642841      -0.033384945501
      11.756290145092      -0.033365876913
      11.766294647343      -0.033346832649
      11.776299149594      -0.033327812660
      11.786303651845      -0.033308816897
      11.796308154097      -0.033289845311
      11.806312656348      -0.033270897853
      11.816317158599      -0.033251974474
      11.826321660850      -0.033233075126
      11.836326163101      -0.033214199761
      11.846330665352      -0.033195348330
      11.856335167603      -0.033176520785
      11.866339669854      -0.033157717077
      11.876344172105      -0.033138937160
      11.886348674356      -0.033120180985
      11.896353176608      -0.033101448505
      11.906357678859      -0.033082739671
      11.916362181110      -0.033064054438
      11.926366683361      -0.033045392757
      11.936371185612      -0.033026754581
      11.946375687863      -0.033008139864
      11.956380190114      -0.032989548558
      11.966384692365      -0.032970980618
      11.976389194616      -0.032952435995
      11.986393696867      -0.032933914645
      11.996398199119      -0.032915416519
      12.006402701370      -0.032896941574
      12.016407203621      -0.032878489761
      12.026411705872      -0.032860061036
      12.036416208123      -0.032841655352
      12.046420710374      -0.032823272663
      12.056425212625      -0.032804912925
      12.066429714876      -0.032786576092
      12.076434217127      -0.032768262118
      12.086438719378      -0.032749970958
      12.096443221630      -0.032731702567
      12.106447723881      -0.032713456901
      12.116452226132      -0.032695233914
      12.126456728383      -0.032677033561
      12.136461230634      -0.032658855798
      12.146465732885      -0.032640700581
      12.156470235136      -0.032622567865
      12.166474737387      -0.032604457606
      12.176479239638      -0.032586369760
      12.186483741889      -0.032568304283
      12.196488244141      -0.032550261130
      12.206492746392      -0.032532240259
      12.216497248643      -0.032514241626
      12.226501750894      -0.032496265187
      12.236506253145      -0.032478310898
      12.246510755396      -0.032460378717
      12.256515257647      -0.032442468600
      12.266519759898      -0.032424580505
      12.276524262149      -0.032406714387
      12.286528764401      -0.032388870206
      12.296533266652      -0.032371047917
      12.306537768903      -0.032353247478
      12.316542271154      -0.032335468847
      12.326546773405      -0.032317711981
      12.336551275656      -0.032299976838
      12.346555777907      -0.032282263377
      12.356560280158      -0.032264571554
      12.366564782409      -0.032246901329
      12.376569284660      -0.032229252658
      12.386573786912      -0.032211625502
      12.396578289163      -0.032194019817
      12.406582791414      -0.032176435563
      12.416587293665      -0.032158872699
      12.426591795916      -0.032141331182
      12.436596298167      -0.032123810972
      12.446600800418      -0.032106312028
      12.456605302669      -0.032088834309
      12.466609804920      -0.032071377774
      12.476614307171      -0.032053942383
      12.486618809423      -0.032036528094
      12.496623311674      -0.032019134868
      12.506627813925      -0.032001762664
      12.516632316176      -0.031984411442
      12.526636818427      -0.031967081161
      12.536641320678      -0.031949771782
      12.546645822929      -0.031932483264
      12.556650325180      -0.031915215568
      12.566654827431      -0.031897968655
      12.576659329682      -0.031880742483
      12.586663831934      -0.031863537015
      12.596668334185      -0.031846352210
      12.606672836436      -0.031829188029
      12.616677338687      -0.031812044433
      12.626681840938      -0.031794921382
      12.636686343189      -0.031777818839
      12.646690845440      -0.031760736764
      12.656695347691      -0.031743675117
      12.666699849942      -0.031726633861
      12.676704352193      -0.031709612957
      12.686708854445      -0.031692612366
      12.696713356696      -0.031675632050
      12.706717858947      -0.031658671970
      12.716722361198      -0.031641732089
      12.726726863449      -0.031624812368
      12.736731365700      -0.031607912770
      12.746735867951      -0.031591033256
      12.756740370202      -0.031574173788
      12.766744872453      -0.031557334329
      12.776749374704      -0.031540514841
      12.786753876956      -0.031523715288
      12.796758379207      -0.031506935630
      12.806762881458      -0.031490175832
      12.816767383709      -0.031473435855
      12.826771885960      -0.031456715663
      12.836776388211      -0.031440015218
      12.846780890462      -0.031423334484
      12.856785392713      -0.031406673424
      12.866789894964      -0.031390032001
      12.876794397216      -0.031373410179
      12.886798899467      -0.031356807921
      12.896803401718      -0.031340225189
      12.906807903969      -0.031323661950
      12.916812406220      -0.031307118164
      12.926816908471      -0.031290593798
      12.936821410722      -0.031274088814
      12.946825912973      -0.031257603176
      12.956830415224      -0.031241136849
      12.966834917475      -0.031224689797
      12.976839419727      -0.031208261984
      12.986843921978      -0.031191853375
      12.996848424229      -0.031175463933
      13.006852926480      -0.031159093624
      13.016857428731      -0.031142742412
      13.026861930982      -0.031126410262
      13.036866433233      -0.031110097139
      13.046870935484      -0.031093803007
      13.056875437735      -0.031077527832
      13.066879939986      -0.031061271579
      13.076884442238      -0.031045034212
      13.086888944489      -0.031028815698
      13.096893446740      -0.031012616001
      13.106897948991      -0.030996435087
      13.116902451242      -0.030980272922
      13.126906953493      -0.030964129471
      13.136911455744      -0.030948004699
      13.146915957995      -0.030931898573
      13.156920460246      -0.030915811059
      13.166924962497      -0.030899742122
      13.176929464749      -0.030883691728
      13.186933967000      -0.030867659845
      13.196938469251      -0.030851646437
      13.206942971502      -0.030835651471
      13.216947473753      -0.030819674914
      13.226951976004      -0.030803716731
      13.236956478255      -0.030787776891
      13.246960980506      -0.030771855358
      13.256965482757      -0.030755952101
      13.266969985008      -0.030740067085
      13.276974487260      -0.030724200278
      13.286978989511      -0.030708351647
      13.296983491762      -0.030692521158
      13.306987994013      -0.030676708780
      13.316992496264      -0.030660914478
      13.326996998515      -0.030645138221
      13.337001500766      -0.030629379975
      13.347006003017      -0.030613639709
      13.357010505268      -0.030597917389
      13.367015007520      -0.030582212984
      13.377019509771      -0.030566526461
      13.387024012022      -0.030550857788
      13.397028514273      -0.030535206933
      13.407033016524      -0.030519573863
      13.417037518775      -0.030503958548
      13.427042021026      -0.030488360954
      13.437046523277      -0.030472781050
      13.447051025528      -0.030457218804
      13.457055527779      -0.030441674186
      13.467060030031      -0.030426147162
      13.477064532282      -0.030410637702
      13.487069034533      -0.030395145774
      13.497073536784      -0.030379671347
      13.507078039035      -0.030364214389
      13.517082541286      -0.030348774870
      13.527087043537      -0.030333352758
      13.537091545788      -0.030317948023
      13.547096048039      -0.030302560632
      13.557100550290      -0.030287190556
      13.567105052542      -0.030271837764
      13.577109554793      -0.030256502224
      13.587114057044      -0.030241183907
      13.597118559295      -0.030225882781
      13.607123061546      -0.030210598817
      13.617127563797      -0.030195331983
      13.627132066048      -0.030180082249
      13.637136568299      -0.030164849586
      13.647141070550      -0.030149633962
      13.657145572801      -0.030134435348
      13.667150075053      -0.030119253713
      13.677154577304      -0.030104089029
      13.687159079555      -0.030088941263
      13.697163581806      -0.030073810388
      13.707168084057      -0.030058696373
      13.717172586308      -0.030043599188
      13.727177088559      -0.030028518805
      13.737181590810      -0.030013455192
      13.747186093061      -0.029998408321
      13.757190595312      -0.029983378162
      13.767195097564      -0.029968364687
      13.777199599815      -0.029953367865
      13.787204102066      -0.029938387667
      13.797208604317      -0.029923424065
      13.807213106568      -0.029908477029
      13.817217608819      -0.029893546531
      13.827222111070      -0.029878632541
      13.837226613321      -0.029863735031
      13.847231115572      -0.029848853971
      13.857235617823      -0.029833989334
      13.867240120075      -0.029819141090
      13.877244622326      -0.029804309211
      13.887249124577      -0.029789493668
      13.897253626828      -0.029774694433
      13.907258129079      -0.029759911478
      13.917262631330      -0.029745144774
      13.927267133581      -0.029730394293
      13.937271635832      -0.029715660007
      13.947276138083      -0.029700941887
      13.957280640335      -0.029686239907
      13.967285142586      -0.029671554037
      13.977289644837      -0.029656884250
      13.987294147088      -0.029642230518
      13.997298649339      -0.029627592814
      14.007303151590      -0.029612971109
      14.017307653841      -0.029598365376
      14.027312156092      -0.029583775587
      14.037316658343      -0.029569201715
      14.047321160594      -0.029554643733
      14.057325662846      -0.029540101613
      14.067330165097      -0.029525575328
      14.077334667348      -0.029511064850
      14.087339169599      -0.029496570153
      14.097343671850      -0.029482091209
      14.107348174101      -0.029467627991
      14.117352676352      -0.029453180473
      14.127357178603      -0.029438748626
      14.137361680854      -0.029424332426
      14.147366183105      -0.029409931844
      14.157370685357      -0.029395546853
      14.167375187608      -0.029381177429
      14.177379689859      -0.029366823543
      14.187384192110      -0.029352485169
      14.197388694361      -0.029338162280
      14.207393196612      -0.029323854851
      14.217397698863      -0.029309562855
      14.227402201114      -0.029295286266
      14.237406703365      -0.029281025057
      14.247411205616      -0.029266779202
      14.257415707868      -0.029252548675
      14.267420210119      -0.029238333450
      14.277424712370      -0.029224133501
      14.287429214621      -0.029209948803
      14.297433716872      -0.029195779329
      14.307438219123      -0.029181625053
      14.317442721374      -0.029167485950
      14.327447223625      -0.029153361994
      14.337451725876      -0.029139253160
      14.347456228127      -0.029125159421
      14.357460730379      -0.029111080753
      14.367465232630      -0.029097017129
      14.377469734881      -0.029082968526
      14.387474237132      -0.029068934916
      14.397478739383      -0.029054916276
      14.407483241634      -0.029040912579
      14.417487743885      -0.029026923800
      14.427492246136      -0.029012949916
      14.437496748387      -0.028998990899
      14.447501250638      -0.028985046727
      14.457505752890      -0.028971117372
      14.467510255141      -0.028957202812
      14.477514757392      -0.028943303020
      14.487519259643      -0.028929417973
      14.497523761894      -0.028915547645
      14.507528264145      -0.028901692011
      14.517532766396      -0.028887851049
      14.527537268647      -0.028874024731
      14.537541770898      -0.028860213036
      14.547546273150      -0.028846415937
      14.557550775401      -0.028832633410
      14.567555277652      -0.028818865432
      14.577559779903      -0.028805111978
      14.587564282154      -0.028791373023
      14.597568784405      -0.028777648544
      14.607573286656      -0.028763938517
      14.617577788907      -0.028750242918
      14.627582291158      -0.028736561722
      14.637586793409      -0.028722894906
      14.647591295661      -0.028709242445
      14.657595797912      -0.028695604317
      14.667600300163      -0.028681980497
      14.677604802414      -0.028668370962
      14.687609304665      -0.028654775688
      14.697613806916      -0.028641194651
      14.707618309167      -0.028627627828
      14.717622811418      -0.028614075196
      14.727627313669      -0.028600536730
      14.737631815920      -0.028587012408
      14.747636318172      -0.028573502207
      14.757640820423      -0.028560006102
      14.767645322674      -0.028546524072
      14.777649824925      -0.028533056092
      14.787654327176      -0.028519602139
      14.797658829427      -0.028506162191
      14.807663331678      -0.028492736225
      14.817667833929      -0.028479324217
      14.827672336180      -0.028465926145
      14.837676838431      -0.028452541986
      14.847681340683      -0.028439171717
      14.857685842934      -0.028425815315
      14.867690345185      -0.028412472758
      14.877694847436      -0.028399144023
      14.887699349687      -0.028385829087
      14.897703851938      -0.028372527928
      14.907708354189      -0.028359240523
      14.917712856440      -0.028345966851
      14.927717358691      -0.028332706887
      14.937721860942      -0.028319460611
      14.947726363194      -0.028306228000
      14.957730865445      -0.028293009032
      14.967735367696      -0.028279803684
      14.977739869947      -0.028266611935
      14.987744372198      -0.028253433762
      14.997748874449      -0.028240269143
      15.007753376700      -0.028227118056
      15.017757878951      -0.028213980480
      15.027762381202      -0.028200856392
      15.037766883454      -0.028187745770
      15.047771385705      -0.028174648594
      15.057775887956      -0.028161564840
      15.067780390207      -0.028148494488
      15.077784892458      -0.028135437516
      15.087789394709      -0.028122393901
      15.097793896960      -0.028109363623
      15.107798399211      -0.028096346661
      15.117802901462      -0.028083342991
      15.127807403713      -0.028070352594
      15.137811905965      -0.028057375448
      15.147816408216      -0.028044411532
      15.157820910467      -0.028031460823
      15.167825412718      -0.028018523302
      15.177829914969      -0.028005598946
      15.187834417220      -0.027992687735
      15.197838919471      -0.027979789648
      15.207843421722      -0.027966904664
      15.217847923973      -0.027954032761
      15.227852426224      -0.027941173919
      15.237856928476      -0.027928328116
      15.247861430727      -0.027915495333
      15.257865932978      -0.027902675547
      15.267870435229      -0.027889868739
      15.277874937480      -0.027877074888
      15.287879439731      -0.027864293973
      15.297883941982      -0.027851525973
      15.307888444233      -0.027838770868
      15.317892946484      -0.027826028637
      15.327897448735      -0.027813299260
      15.337901950987      -0.027800582716
      15.347906453238      -0.027787878985
      15.357910955489      -0.027775188047
      15.367915457740      -0.027762509882
      15.377919959991      -0.027749844468
      15.387924462242      -0.027737191786
      15.397928964493      -0.027724551816
      15.407933466744      -0.027711924537
      15.417937968995      -0.027699309930
      15.427942471246      -0.027686707974
      15.437946973498      -0.027674118649
      15.447951475749      -0.027661541936
      15.457955978000      -0.027648977815
      15.467960480251      -0.027636426265
      15.477964982502      -0.027623887267
      15.487969484753      -0.027611360801
      15.497973987004      -0.027598846848
      15.507978489255      -0.027586345387
      15.517982991506      -0.027573856399
      15.527987493757      -0.027561379864
      15.537991996009      -0.027548915763
      15.547996498260      -0.027536464077
      15.558001000511      -0.027524024785
      15.568005502762      -0.027511597868
      15.578010005013      -0.027499183308
      15.588014507264      -0.027486781084
      15.598019009515      -0.027474391177
      15.608023511766      -0.027462013568
      15.618028014017      -0.027449648238
      15.628032516269      -0.027437295168
      15.638037018520      -0.027424954338
      15.648041520771      -0.027412625729
      15.658046023022      -0.027400309322
      15.668050525273      -0.027388005099
      15.678055027524      -0.027375713040
      15.688059529775      -0.027363433126
      15.698064032026      -0.027351165339
      15.708068534277      -0.027338909659
      15.718073036528      -0.027326666067
      15.728077538780      -0.027314434546
      15.738082041031      -0.027302215075
      15.748086543282      -0.027290007638
      15.758091045533      -0.027277812213
      15.768095547784      -0.027265628784
      15.778100050035      -0.027253457332
      15.788104552286      -0.027241297838
      15.798109054537      -0.027229150283
      15.808113556788      -0.027217014649
      15.818118059039      -0.027204890917
      15.828122561291      -0.027192779070
      15.838127063542      -0.027180679089
      15.848131565793      -0.027168590956
      15.858136068044      -0.027156514651
      15.868140570295      -0.027144450158
      15.878145072546      -0.027132397457
      15.888149574797      -0.027120356532
      15.898154077048      -0.027108327363
      15.908158579299      -0.027096309932
      15.918163081550      -0.027084304222
      15.928167583802      -0.027072310214
      15.938172086053      -0.027060327891
      15.948176588304      -0.027048357234
      15.958181090555      -0.027036398226
      15.968185592806      -0.027024450849
      15.978190095057      -0.027012515085
      15.988194597308      -0.027000590916
      15.998199099559      -0.026988678325
      16.008203601810      -0.026976777293
      16.018208104061      -0.026964887804
      16.028212606313      -0.026953009839
      16.038217108564      -0.026941143381
      16.048221610815      -0.026929288412
      16.058226113066      -0.026917444915
      16.068230615317      -0.026905612873
      16.078235117568      -0.026893792267
      16.088239619819      -0.026881983081
      16.098244122070      -0.026870185297
      16.108248624321      -0.026858398898
      16.118253126573      -0.026846623867
      16.128257628824      -0.026834860186
      16.138262131075      -0.026823107837
      16.148266633326      -0.026811366805
      16.158271135577      -0.026799637071
      16.168275637828      -0.026787918619
      16.178280140079      -0.026776211432
      16.188284642330      -0.026764515491
      16.198289144581      -0.026752830782
      16.208293646832      -0.026741157285
      16.218298149084      -0.026729494985
      16.228302651335      -0.026717843865
      16.238307153586      -0.026706203908
      16.248311655837      -0.026694575096
      16.258316158088      -0.026682957414
      16.268320660339      -0.026671350843
      16.278325162590      -0.026659755369
      16.288329664841      -0.026648170973
      16.298334167092      -0.026636597640
      16.308338669343      -0.026625035352
      16.318343171595      -0.026613484093
      16.328347673846      -0.026601943847
      16.338352176097      -0.026590414597
      16.348356678348      -0.026578896326
      16.358361180599      -0.026567389018
      16.368365682850      -0.026555892656
      16.378370185101      -0.026544407225
      16.388374687352      -0.026532932708
      16.398379189603      -0.026521469088
      16.408383691854      -0.026510016349
      16.418388194106      -0.026498574476
      16.428392696357      -0.026487143451
      16.438397198608      -0.026475723258
      16.448401700859      -0.026464313882
      16.458406203110      -0.026452915307
      16.468410705361      -0.026441527515
      16.478415207612      -0.026430150492
      16.488419709863      -0.026418784220
      16.498424212114      -0.026407428685
      16.508428714365      -0.026396083870
      16.518433216617      -0.026384749759
      16.528437718868      -0.026373426337
      16.538442221119      -0.026362113587
      16.548446723370      -0.026350811493
      16.558451225621      -0.026339520041
      16.568455727872      -0.026328239213
      16.578460230123      -0.026316968995
      16.588464732374      -0.026305709371
      16.598469234625      -0.026294460325
      16.608473736876      -0.026283221841
      16.618478239128      -0.026271993903
      16.628482741379      -0.026260776497
      16.638487243630      -0.026249569607
      16.648491745881      -0.026238373216
      16.658496248132      -0.026227187311
      16.668500750383      -0.026216011874
      16.678505252634      -0.026204846892
      16.688509754885      -0.026193692347
      16.698514257136      -0.026182548226
      16.708518759388      -0.026171414513
      16.718523261639      -0.026160291192
      16.728527763890      -0.026149178248
      16.738532266141      -0.026138075666
      16.748536768392      -0.026126983431
      16.758541270643      -0.026115901528
      16.768545772894      -0.026104829941
      16.778550275145      -0.026093768655
      16.788554777396      -0.026082717655
      16.798559279647      -0.026071676927
      16.808563781899      -0.026060646455
      16.818568284150      -0.026049626225
      16.828572786401      -0.026038616220
      16.838577288652      -0.026027616427
      16.848581790903      -0.026016626830
      16.858586293154      -0.026005647415
      16.868590795405      -0.025994678167
      16.878595297656      -0.025983719070
      16.888599799907      -0.025972770111
      16.898604302158      -0.025961831274
      16.908608804410      -0.025950902545
      16.918613306661      -0.025939983909
      16.928617808912      -0.025929075351
      16.938622311163      -0.025918176857
      16.948626813414      -0.025907288412
      16.958631315665      -0.025896410002
      16.968635817916      -0.025885541611
      16.978640320167      -0.025874683226
      16.988644822418      -0.025863834832
      16.998649324669      -0.025852996415
      17.008653826921      -0.025842167960
      17.018658329172      -0.025831349452
      17.028662831423      -0.025820540878
      17.038667333674      -0.025809742223
      17.048671835925      -0.025798953473
      17.058676338176      -0.025788174613
      17.068680840427      -0.025777405629
      17.078685342678      -0.025766646507
      17.088689844929      -0.025755897233
      17.098694347180      -0.025745157792
      17.108698849432      -0.025734428171
      17.118703351683      -0.025723708355
      17.128707853934      -0.025712998330
      17.138712356185      -0.025702298083
      17.148716858436      -0.025691607598
      17.158721360687      -0.025680926863
      17.168725862938      -0.025670255863
      17.178730365189      -0.025659594584
      17.188734867440      -0.025648943012
      17.198739369691      -0.025638301134
      17.208743871943      -0.025627668935
      17.218748374194      -0.025617046402
      17.228752876445      -0.025606433520
      17.238757378696      -0.025595830277
      17.248761880947      -0.025585236658
      17.258766383198      -0.025574652650
      17.268770885449      -0.025564078238
      17.278775387700      -0.025553513410
      17.288779889951      -0.025542958151
      17.298784392203      -0.025532412448
      17.308788894454      -0.025521876288
      17.318793396705      -0.025511349656
      17.328797898956      -0.025500832539
      17.338802401207      -0.025490324924
      17.348806903458      -0.025479826798
      17.358811405709      -0.025469338146
      17.368815907960      -0.025458858955
      17.378820410211      -0.025448389212
      17.388824912462      -0.025437928904
      17.398829414714      -0.025427478016
      17.408833916965      -0.025417036537
      17.418838419216      -0.025406604452
      17.428842921467      -0.025396181748
      17.438847423718      -0.025385768412
      17.448851925969      -0.025375364431
      17.458856428220      -0.025364969791
      17.468860930471      -0.025354584480
      17.478865432722      -0.025344208483
      17.488869934973      -0.025333841789
      17.498874437225      -0.025323484384
      17.508878939476      -0.025313136254
      17.518883441727      -0.025302797387
      17.528887943978      -0.025292467771
      17.538892446229      -0.025282147390
      17.548896948480      -0.025271836234
      17.558901450731      -0.025261534288
      17.568905952982      -0.025251241541
      17.578910455233      -0.025240957978
      17.588914957484      -0.025230683587
      17.598919459736      -0.025220418356
      17.608923961987      -0.025210162271
      17.618928464238      -0.025199915320
      17.628932966489      -0.025189677489
      17.638937468740      -0.025179448767
      17.648941970991      -0.025169229140
      17.658946473242      -0.025159018596
      17.668950975493      -0.025148817121
      17.678955477744      -0.025138624704
      17.688959979995      -0.025128441332
      17.698964482247      -0.025118266992
      17.708968984498      -0.025108101671
      17.718973486749      -0.025097945357
      17.728977989000      -0.025087798037
      17.738982491251      -0.025077659700
      17.748986993502      -0.025067530332
      17.758991495753      -0.025057409920
      17.768995998004      -0.025047298453
      17.779000500255      -0.025037195918
      17.789005002507      -0.025027102303
      17.799009504758      -0.025017017595
      17.809014007009      -0.025006941783
      17.819018509260      -0.024996874852
      17.829023011511      -0.024986816792
      17.839027513762      -0.024976767590
      17.849032016013      -0.024966727234
      17.859036518264      -0.024956695712
      17.869041020515      -0.024946673010
      17.879045522766      -0.024936659118
      17.889050025018      -0.024926654023
      17.899054527269      -0.024916657713
      17.909059029520      -0.024906670176
      17.919063531771      -0.024896691399
      17.929068034022      -0.024886721371
      17.939072536273      -0.024876760079
      17.949077038524      -0.024866807512
      17.959081540775      -0.024856863657
      17.969086043026      -0.024846928503
      17.979090545277      -0.024837002038
      17.989095047529      -0.024827084249
      17.999099549780      -0.024817175125
      18.009104052031      -0.024807274654
      18.019108554282      -0.024797382824
      18.029113056533      -0.024787499623
      18.039117558784      -0.024777625039
      18.049122061035      -0.024767759061
      18.059126563286      -0.024757901677
      18.069131065537      -0.024748052874
      18.079135567788      -0.024738212642
      18.089140070040      -0.024728380968
      18.099144572291      -0.024718557842
      18.109149074542      -0.024708743250
      18.119153576793      -0.024698937182
      18.129158079044      -0.024689139626
      18.139162581295      -0.024679350570
      18.149167083546      -0.024669570003
      18.159171585797      -0.024659797914
      18.169176088048      -0.024650034290
      18.179180590299      -0.024640279120
      18.189185092551      -0.024630532392
      18.199189594802      -0.024620794096
      18.209194097053      -0.024611064220
      18.219198599304      -0.024601342752
      18.229203101555      -0.024591629680
      18.239207603806      -0.024581924995
      18.249212106057      -0.024572228683
      18.259216608308      -0.024562540734
      18.269221110559      -0.024552861137
      18.279225612810      -0.024543189880
      18.289230115062      -0.024533526952
      18.299234617313      -0.024523872341
      18.309239119564      -0.024514226037
      18.319243621815      -0.024504588028
      18.329248124066      -0.024494958303
      18.339252626317      -0.024485336850
      18.349257128568      -0.024475723660
      18.359261630819      -0.024466118720
      18.369266133070      -0.024456522019
      18.379270635322      -0.024446933546
      18.389275137573      -0.024437353291
      18.399279639824      -0.024427781242
      18.409284142075      -0.024418217388
      18.419288644326      -0.024408661718
      18.429293146577      -0.024399114222
      18.439297648828      -0.024389574887
      18.449302151079      -0.024380043704
      18.459306653330      -0.024370520661
      18.469311155581      -0.024361005747
      18.479315657833      -0.024351498952
      18.489320160084      -0.024342000264
      18.499324662335      -0.024332509673
      18.509329164586      -0.024323027168
      18.519333666837      -0.024313552738
      18.529338169088      -0.024304086373
      18.539342671339      -0.024294628061
      18.549347173590      -0.024285177791
      18.559351675841      -0.024275735554
      18.569356178092      -0.024266301338
      18.579360680344      -0.024256875133
      18.589365182595      -0.024247456928
      18.599369684846      -0.024238046712
      18.609374187097      -0.024228644475
      18.619378689348      -0.024219250205
      18.629383191599      -0.024209863894
      18.639387693850      -0.024200485529
      18.649392196101      -0.024191115100
      18.659396698352      -0.024181752598
      18.669401200603      -0.024172398010
      18.679405702855      -0.024163051328
      18.689410205106      -0.024153712539
      18.699414707357      -0.024144381635
      18.709419209608      -0.024135058604
      18.719423711859      -0.024125743435
      18.729428214110      -0.024116436120
      18.739432716361      -0.024107136646
      18.749437218612      -0.024097845005
      18.759441720863      -0.024088561185
      18.769446223114      -0.024079285175
      18.779450725366      -0.024070016967
      18.789455227617      -0.024060756550
      18.799459729868      -0.024051503912
      18.809464232119      -0.024042259045
      18.819468734370      -0.024033021937
      18.829473236621      -0.024023792579
      18.839477738872      -0.024014570960
      18.849482241123      -0.024005357070
      18.859486743374      -0.023996150900
      18.869491245625      -0.023986952438
      18.879495747877      -0.023977761675
      18.889500250128      -0.023968578600
      18.899504752379      -0.023959403204
      18.909509254630      -0.023950235477
      18.919513756881      -0.023941075408
      18.929518259132      -0.023931922987
      18.939522761383      -0.023922778205
      18.949527263634      -0.023913641051
      18.959531765885      -0.023904511515
      18.969536268137      -0.023895389588
      18.979540770388      -0.023886275259
      18.989545272639      -0.023877168519
      18.999549774890      -0.023868069357
      19.009554277141      -0.023858977764
      19.019558779392      -0.023849893730
      19.029563281643      -0.023840817245
      19.039567783894      -0.023831748299
      19.049572286145      -0.023822686883
      19.059576788396      -0.023813632986
      19.069581290648      -0.023804586598
      19.079585792899      -0.023795547711
      19.089590295150      -0.023786516314
      19.099594797401      -0.023777492397
      19.109599299652      -0.023768475952
      19.119603801903      -0.023759466967
      19.129608304154      -0.023750465433
      19.139612806405      -0.023741471342
      19.149617308656      -0.023732484682
      19.159621810907      -0.023723505445
      19.169626313159      -0.023714533621
      19.179630815410      -0.023705569200
      19.189635317661      -0.023696612172
      19.199639819912      -0.023687662529
      19.209644322163      -0.023678720260
      19.219648824414      -0.023669785356
      19.229653326665      -0.023660857808
      19.239657828916      -0.023651937606
      19.249662331167      -0.023643024740
      19.259666833418      -0.023634119202
      19.269671335670      -0.023625220980
      19.279675837921      -0.023616330068
      19.289680340172      -0.023607446454
      19.299684842423      -0.023598570129
      19.309689344674      -0.023589701084
      19.319693846925      -0.023580839310
      19.329698349176      -0.023571984798
      19.339702851427      -0.023563137537
      19.349707353678      -0.023554297519
      19.359711855929      -0.023545464734
      19.369716358181      -0.023536639173
      19.379720860432      -0.023527820828
      19.389725362683      -0.023519009687
      19.399729864934      -0.023510205744
      19.409734367185      -0.023501408987
      19.419738869436      -0.023492619408
      19.429743371687      -0.023483836998
      19.439747873938      -0.023475061747
      19.449752376189      -0.023466293647
      19.459756878441      -0.023457532689
      19.469761380692      -0.023448778862
      19.479765882943      -0.023440032159
      19.489770385194      -0.023431292569
      19.499774887445      -0.023422560084
      19.509779389696      -0.023413834696
      19.519783891947      -0.023405116394
      19.529788394198      -0.023396405170
      19.539792896449      -0.023387701014
      19.549797398700      -0.023379003919
      19.559801900952      -0.023370313874
      19.569806403203      -0.023361630872
      19.579810905454      -0.023352954902
      19.589815407705      -0.023344285956
      19.599819909956      -0.023335624025
      19.609824412207      -0.023326969100
      19.619828914458      -0.023318321173
      19.629833416709      -0.023309680234
      19.639837918960      -0.023301046275
      19.649842421211      -0.023292419287
      19.659846923463      -0.023283799260
      19.669851425714      -0.023275186187
      19.679855927965      -0.023266580057
      19.689860430216      -0.023257980864
      19.699864932467      -0.023249388597
      19.709869434718      -0.023240803248
      19.719873936969      -0.023232224809
      19.729878439220      -0.023223653270
      19.739882941471      -0.023215088623
      19.749887443722      -0.023206530859
      19.759891945974      -0.023197979970
      19.769896448225      -0.023189435947
      19.779900950476      -0.023180898781
      19.789905452727      -0.023172368464
      19.799909954978      -0.023163844987
      19.809914457229      -0.023155328341
      19.819918959480      -0.023146818518
      19.829923461731      -0.023138315509
      19.839927963982      -0.023129819306
      19.849932466233      -0.023121329900
      19.859936968485      -0.023112847283
      19.869941470736      -0.023104371446
      19.879945972987      -0.023095902381
      19.889950475238      -0.023087440079
      19.899954977489      -0.023078984531
      19.909959479740      -0.023070535730
      19.919963981991      -0.023062093667
      19.929968484242      -0.023053658333
      19.939972986493      -0.023045229721
      19.949977488744      -0.023036807821
      19.959981990996      -0.023028392625
      19.969986493247      -0.023019984125
      19.979990995498      -0.023011582312
      19.989995497749      -0.023003187179
      20.000000000000      -0.022994798717
