# rs   ecorr_hd [Ry-au]
       0.001000000047      -0.525713206422
       0.011004502299      -0.376941640641
       0.021009004550      -0.337078441409
       0.031013506801      -0.313191673632
       0.041018009052      -0.296126502654
       0.051022511303      -0.282866364906
       0.061027013554      -0.272036945046
       0.071031515805      -0.262895426442
       0.081036018056      -0.254994553566
       0.091040520307      -0.248044063421
       0.101045022559      -0.241844863337
       0.111049524810      -0.236254452513
       0.121054027061      -0.231167324642
       0.131058529312      -0.226503180739
       0.141063031563      -0.222199491434
       0.151067533814      -0.218206614597
       0.161072036065      -0.214484482262
       0.171076538316      -0.211000288014
       0.181081040567      -0.207726832895
       0.191085542818      -0.204641316903
       0.201090045070      -0.201724439392
       0.211094547321      -0.198959718236
       0.221099049572      -0.196332966863
       0.231103551823      -0.193831887190
       0.241108054074      -0.191445748937
       0.251112556325      -0.189165134224
       0.261117058576      -0.186981732127
       0.271121560827      -0.184888171909
       0.281126063078      -0.182877886505
       0.291130565329      -0.180944999910
       0.301135067581      -0.179084233617
       0.311139569832      -0.177290828360
       0.321144072083      -0.175560478261
       0.331148574334      -0.173889275093
       0.341153076585      -0.172273660842
       0.351157578836      -0.170710387139
       0.361162081087      -0.169196480400
       0.371166583338      -0.167729211728
       0.381171085589      -0.166306070828
       0.391175587840      -0.164924743306
       0.401180090092      -0.163583090838
       0.411184592343      -0.162279133781
       0.421189094594      -0.161011035883
       0.431193596845      -0.159777090787
       0.441198099096      -0.158575710086
       0.451202601347      -0.157405412717
       0.461207103598      -0.156264815526
       0.471211605849      -0.155152624837
       0.481216108100      -0.154067628919
       0.491220610351      -0.153008691219
       0.501225112603      -0.151974744288
       0.511229614854      -0.150964784302
       0.521234117105      -0.149977866111
       0.531238619356      -0.149013098775
       0.541243121607      -0.148069641498
       0.551247623858      -0.147146699946
       0.561252126109      -0.146243522899
       0.571256628360      -0.145359399188
       0.581261130611      -0.144493654913
       0.591265632863      -0.143645650882
       0.601270135114      -0.142814780282
       0.611274637365      -0.142000466534
       0.621279139616      -0.141202161317
       0.631283641867      -0.140419342766
       0.641288144118      -0.139651513793
       0.651292646369      -0.138898200555
       0.661297148620      -0.138158951028
       0.671301650871      -0.137433333694
       0.681306153122      -0.136720936320
       0.691310655374      -0.136021364833
       0.701315157625      -0.135334242272
       0.711319659876      -0.134659207811
       0.721324162127      -0.133995915862
       0.731328664378      -0.133344035222
       0.741333166629      -0.132703248297
       0.751337668880      -0.132073250366
       0.761342171131      -0.131453748896
       0.771346673382      -0.130844462905
       0.781351175633      -0.130245122364
       0.791355677885      -0.129655467635
       0.801360180136      -0.129075248949
       0.811364682387      -0.128504225915
       0.821369184638      -0.127942167054
       0.831373686889      -0.127388849371
       0.841378189140      -0.126844057943
       0.851382691391      -0.126307585538
       0.861387193642      -0.125779232253
       0.871391695893      -0.125258805174
       0.881396198144      -0.124746118056
       0.891400700396      -0.124240991019
       0.901405202647      -0.123743250267
       0.911409704898      -0.123252727809
       0.921414207149      -0.122769261215
       0.931418709400      -0.122292693368
       0.941423211651      -0.121822872235
       0.951427713902      -0.121359650658
       0.961432216153      -0.120902886141
       0.971436718404      -0.120452440659
       0.981441220655      -0.120008180477
       0.991445722907      -0.119569975970
       1.001450225158      -0.119137701459
       1.011454727409      -0.118711235055
       1.021459229660      -0.118290458507
       1.031463731911      -0.117875257059
       1.041468234162      -0.117465519316
       1.051472736413      -0.117061137115
       1.061477238664      -0.116662005399
       1.071481740915      -0.116268022102
       1.081486243166      -0.115879088038
       1.091490745418      -0.115495106793
       1.101495247669      -0.115115984621
       1.111499749920      -0.114741630353
       1.121504252171      -0.114371955298
       1.131508754422      -0.114006873158
       1.141513256673      -0.113646299940
       1.151517758924      -0.113290153879
       1.161522261175      -0.112938355360
       1.171526763426      -0.112590826839
       1.181531265678      -0.112247492777
       1.191535767929      -0.111908279571
       1.201540270180      -0.111573115489
       1.211544772431      -0.111241930603
       1.221549274682      -0.110914656738
       1.231553776933      -0.110591227405
       1.241558279184      -0.110271577755
       1.251562781435      -0.109955644517
       1.261567283686      -0.109643365957
       1.271571785937      -0.109334681819
       1.281576288189      -0.109029533287
       1.291580790440      -0.108727862935
       1.301585292691      -0.108429614686
       1.311589794942      -0.108134733767
       1.321594297193      -0.107843166676
       1.331598799444      -0.107554861136
       1.341603301695      -0.107269766060
       1.351607803946      -0.106987831520
       1.361612306197      -0.106709008706
       1.371616808448      -0.106433249897
       1.381621310700      -0.106160508430
       1.391625812951      -0.105890738664
       1.401630315202      -0.105623895956
       1.411634817453      -0.105359936631
       1.421639319704      -0.105098817951
       1.431643821955      -0.104840498093
       1.441648324206      -0.104584936123
       1.451652826457      -0.104332091966
       1.461657328708      -0.104081926390
       1.471661830959      -0.103834400976
       1.481666333211      -0.103589478100
       1.491670835462      -0.103347120909
       1.501675337713      -0.103107293302
       1.511679839964      -0.102869959910
       1.521684342215      -0.102635086073
       1.531688844466      -0.102402637826
       1.541693346717      -0.102172581878
       1.551697848968      -0.101944885596
       1.561702351219      -0.101719516986
       1.571706853470      -0.101496444676
       1.581711355722      -0.101275637906
       1.591715857973      -0.101057066503
       1.601720360224      -0.100840700875
       1.611724862475      -0.100626511991
       1.621729364726      -0.100414471369
       1.631733866977      -0.100204551061
       1.641738369228      -0.099996723643
       1.651742871479      -0.099790962197
       1.661747373730      -0.099587240305
       1.671751875981      -0.099385532030
       1.681756378233      -0.099185811911
       1.691760880484      -0.098988054948
       1.701765382735      -0.098792236588
       1.711769884986      -0.098598332724
       1.721774387237      -0.098406319673
       1.731778889488      -0.098216174175
       1.741783391739      -0.098027873378
       1.751787893990      -0.097841394831
       1.761792396241      -0.097656716475
       1.771796898493      -0.097473816632
       1.781801400744      -0.097292673996
       1.791805902995      -0.097113267629
       1.801810405246      -0.096935576948
       1.811814907497      -0.096759581720
       1.821819409748      -0.096585262051
       1.831823911999      -0.096412598382
       1.841828414250      -0.096241571481
       1.851832916501      -0.096072162433
       1.861837418752      -0.095904352636
       1.871841921004      -0.095738123794
       1.881846423255      -0.095573457909
       1.891850925506      -0.095410337276
       1.901855427757      -0.095248744475
       1.911859930008      -0.095088662366
       1.921864432259      -0.094930074085
       1.931868934510      -0.094772963035
       1.941873436761      -0.094617312881
       1.951877939012      -0.094463107548
       1.961882441263      -0.094310331210
       1.971886943515      -0.094158968289
       1.981891445766      -0.094009003450
       1.991895948017      -0.093860421594
       2.001900450268      -0.093713207852
       2.011904952519      -0.093567347586
       2.021909454770      -0.093422826378
       2.031913957021      -0.093279630030
       2.041918459272      -0.093137744557
       2.051922961523      -0.092997156185
       2.061927463774      -0.092857851344
       2.071931966026      -0.092719816666
       2.081936468277      -0.092583038983
       2.091940970528      -0.092447505317
       2.101945472779      -0.092313202884
       2.111949975030      -0.092180119085
       2.121954477281      -0.092048241501
       2.131958979532      -0.091917557898
       2.141963481783      -0.091788056214
       2.151967984034      -0.091659724560
       2.161972486285      -0.091532551218
       2.171976988537      -0.091406524636
       2.181981490788      -0.091281633424
       2.191985993039      -0.091157866354
       2.201990495290      -0.091035212353
       2.211994997541      -0.090913660505
       2.221999499792      -0.090793200042
       2.232004002043      -0.090673820349
       2.242008504294      -0.090555510954
       2.252013006545      -0.090438261530
       2.262017508797      -0.090322061889
       2.272022011048      -0.090206901984
       2.282026513299      -0.090092771901
       2.292031015550      -0.089979661863
       2.302035517801      -0.089867562220
       2.312040020052      -0.089756463454
       2.322044522303      -0.089646356173
       2.332049024554      -0.089537231107
       2.342053526805      -0.089429079113
       2.352058029056      -0.089321891162
       2.362062531308      -0.089215658348
       2.372067033559      -0.089110371879
       2.382071535810      -0.089006023077
       2.392076038061      -0.088902603377
       2.402080540312      -0.088800104322
       2.412085042563      -0.088698517566
       2.422089544814      -0.088597834869
       2.432094047065      -0.088498048093
       2.442098549316      -0.088399149208
       2.452103051567      -0.088301130279
       2.462107553819      -0.088203983477
       2.472112056070      -0.088107701067
       2.482116558321      -0.088012275411
       2.492121060572      -0.087917698966
       2.502125562823      -0.087823964283
       2.512130065074      -0.087731064005
       2.522134567325      -0.087638990863
       2.532139069576      -0.087547737679
       2.542143571827      -0.087457297361
       2.552148074078      -0.087367662905
       2.562152576330      -0.087278827390
       2.572157078581      -0.087190783978
       2.582161580832      -0.087103525915
       2.592166083083      -0.087017046525
       2.602170585334      -0.086931339213
       2.612175087585      -0.086846397463
       2.622179589836      -0.086762214834
       2.632184092087      -0.086678784963
       2.642188594338      -0.086596101559
       2.652193096589      -0.086514158407
       2.662197598841      -0.086432949364
       2.672202101092      -0.086352468356
       2.682206603343      -0.086272709382
       2.692211105594      -0.086193666508
       2.702215607845      -0.086115333871
       2.712220110096      -0.086037705670
       2.722224612347      -0.085960776176
       2.732229114598      -0.085884539721
       2.742233616849      -0.085808990702
       2.752238119100      -0.085734123580
       2.762242621352      -0.085659932878
       2.772247123603      -0.085586413180
       2.782251625854      -0.085513559130
       2.792256128105      -0.085441365432
       2.802260630356      -0.085369826850
       2.812265132607      -0.085298938202
       2.822269634858      -0.085228694368
       2.832274137109      -0.085159090281
       2.842278639360      -0.085090120929
       2.852283141612      -0.085021781356
       2.862287643863      -0.084954066661
       2.872292146114      -0.084886971993
       2.882296648365      -0.084820492554
       2.892301150616      -0.084754623600
       2.902305652867      -0.084689360436
       2.912310155118      -0.084624698416
       2.922314657369      -0.084560632945
       2.932319159620      -0.084497159477
       2.942323661871      -0.084434273514
       2.952328164123      -0.084371970603
       2.962332666374      -0.084310246341
       2.972337168625      -0.084249096369
       2.982341670876      -0.084188516375
       2.992346173127      -0.084128502090
       3.002350675378      -0.084069049290
       3.012355177629      -0.084010153796
       3.022359679880      -0.083951811470
       3.032364182131      -0.083894018218
       3.042368684382      -0.083836769987
       3.052373186634      -0.083780062766
       3.062377688885      -0.083723892584
       3.072382191136      -0.083668255511
       3.082386693387      -0.083613147657
       3.092391195638      -0.083558565169
       3.102395697889      -0.083504504235
       3.112400200140      -0.083450961081
       3.122404702391      -0.083397931970
       3.132409204642      -0.083345413202
       3.142413706893      -0.083293401114
       3.152418209145      -0.083241892080
       3.162422711396      -0.083190882508
       3.172427213647      -0.083140368842
       3.182431715898      -0.083090347563
       3.192436218149      -0.083040815183
       3.202440720400      -0.082991768251
       3.212445222651      -0.082943203346
       3.222449724902      -0.082895117084
       3.232454227153      -0.082847506111
       3.242458729404      -0.082800367106
       3.252463231656      -0.082753696781
       3.262467733907      -0.082707491877
       3.272472236158      -0.082661749168
       3.282476738409      -0.082616465460
       3.292481240660      -0.082571637585
       3.302485742911      -0.082527262409
       3.312490245162      -0.082483336826
       3.322494747413      -0.082439857760
       3.332499249664      -0.082396822161
       3.342503751915      -0.082354227011
       3.352508254167      -0.082312069319
       3.362512756418      -0.082270346122
       3.372517258669      -0.082229054482
       3.382521760920      -0.082188191493
       3.392526263171      -0.082147754270
       3.402530765422      -0.082107739960
       3.412535267673      -0.082068145733
       3.422539769924      -0.082028968785
       3.432544272175      -0.081990206338
       3.442548774427      -0.081951855641
       3.452553276678      -0.081913913964
       3.462557778929      -0.081876378605
       3.472562281180      -0.081839246886
       3.482566783431      -0.081802516151
       3.492571285682      -0.081766183770
       3.502575787933      -0.081730247136
       3.512580290184      -0.081694703665
       3.522584792435      -0.081659550795
       3.532589294686      -0.081624785988
       3.542593796938      -0.081590406728
       3.552598299189      -0.081556410522
       3.562602801440      -0.081522794898
       3.572607303691      -0.081489557406
       3.582611805942      -0.081456695617
       3.592616308193      -0.081424207123
       3.602620810444      -0.081392089538
       3.612625312695      -0.081360340497
       3.622629814946      -0.081328957653
       3.632634317197      -0.081297938683
       3.642638819449      -0.081267281280
       3.652643321700      -0.081236983160
       3.662647823951      -0.081207042057
       3.672652326202      -0.081177455725
       3.682656828453      -0.081148221936
       3.692661330704      -0.081119338483
       3.702665832955      -0.081090803175
       3.712670335206      -0.081062613843
       3.722674837457      -0.081034768332
       3.732679339708      -0.081007264509
       3.742683841960      -0.080980100257
       3.752688344211      -0.080953273476
       3.762692846462      -0.080926782087
       3.772697348713      -0.080900624024
       3.782701850964      -0.080874797240
       3.792706353215      -0.080849299707
       3.802710855466      -0.080824129409
       3.812715357717      -0.080799284352
       3.822719859968      -0.080774762554
       3.832724362219      -0.080750562053
       3.842728864471      -0.080726680899
       3.852733366722      -0.080703117161
       3.862737868973      -0.080679868924
       3.872742371224      -0.080656934285
       3.882746873475      -0.080634311361
       3.892751375726      -0.080611998281
       3.902755877977      -0.080589993189
       3.912760380228      -0.080568294248
       3.922764882479      -0.080546899630
       3.932769384731      -0.080525807525
       3.942773886982      -0.080505016138
       3.952778389233      -0.080484523686
       3.962782891484      -0.080464328402
       3.972787393735      -0.080444428532
       3.982791895986      -0.080424822336
       3.992796398237      -0.080405508089
       4.002800900488      -0.080386484077
       4.012805402739      -0.080367748602
       4.022809904990      -0.080349299979
       4.032814407242      -0.080331136534
       4.042818909493      -0.080313256609
       4.052823411744      -0.080295658556
       4.062827913995      -0.080278340742
       4.072832416246      -0.080261301546
       4.082836918497      -0.080244539359
       4.092841420748      -0.080228052585
       4.102845922999      -0.080211839640
       4.112850425250      -0.080195898953
       4.122854927501      -0.080180228963
       4.132859429753      -0.080164828123
       4.142863932004      -0.080149694897
       4.152868434255      -0.080134827761
       4.162872936506      -0.080120225201
       4.172877438757      -0.080105885717
       4.182881941008      -0.080091807818
       4.192886443259      -0.080077990027
       4.202890945510      -0.080064430874
       4.212895447761      -0.080051128904
       4.222899950012      -0.080038082671
       4.232904452264      -0.080025290739
       4.242908954515      -0.080012751685
       4.252913456766      -0.080000464096
       4.262917959017      -0.079988426567
       4.272922461268      -0.079976637707
       4.282926963519      -0.079965096132
       4.292931465770      -0.079953800470
       4.302935968021      -0.079942749360
       4.312940470272      -0.079931941449
       4.322944972523      -0.079921375395
       4.332949474775      -0.079911049865
       4.342953977026      -0.079900963536
       4.352958479277      -0.079891115095
       4.362962981528      -0.079881503240
       4.372967483779      -0.079872126675
       4.382971986030      -0.079862984115
       4.392976488281      -0.079854074286
       4.402980990532      -0.079845395920
       4.412985492783      -0.079836947761
       4.422989995034      -0.079828728560
       4.432994497286      -0.079820737078
       4.442998999537      -0.079812972084
       4.453003501788      -0.079805432357
       4.463008004039      -0.079798116683
       4.473012506290      -0.079791023858
       4.483017008541      -0.079784152687
       4.493021510792      -0.079777501980
       4.503026013043      -0.079771070561
       4.513030515294      -0.079764857257
       4.523035017546      -0.079758860906
       4.533039519797      -0.079753080353
       4.543044022048      -0.079747514453
       4.553048524299      -0.079742162066
       4.563053026550      -0.079737022062
       4.573057528801      -0.079732093319
       4.583062031052      -0.079727374722
       4.593066533303      -0.079722865163
       4.603071035554      -0.079718563542
       4.613075537805      -0.079714468769
       4.623080040057      -0.079710579759
       4.633084542308      -0.079706895434
       4.643089044559      -0.079703414725
       4.653093546810      -0.079700136569
       4.663098049061      -0.079697059912
       4.673102551312      -0.079694183706
       4.683107053563      -0.079691506910
       4.693111555814      -0.079689028489
       4.703116058065      -0.079686747419
       4.713120560316      -0.079684662677
       4.723125062568      -0.079682773253
       4.733129564819      -0.079681078139
       4.743134067070      -0.079679576336
       4.753138569321      -0.079678266852
       4.763143071572      -0.079677148700
       4.773147573823      -0.079676220902
       4.783152076074      -0.079675482483
       4.793156578325      -0.079674932479
       4.803161080576      -0.079674569927
       4.813165582827      -0.079674393876
       4.823170085079      -0.079674403377
       4.833174587330      -0.079674597490
       4.843179089581      -0.079674975279
       4.853183591832      -0.079675535816
       4.863188094083      -0.079676278177
       4.873192596334      -0.079677201447
       4.883197098585      -0.079678304714
       4.893201600836      -0.079679587074
       4.903206103087      -0.079681047627
       4.913210605338      -0.079682685482
       4.923215107590      -0.079684499750
       4.933219609841      -0.079686489550
       4.943224112092      -0.079688654006
       4.953228614343      -0.079690992248
       4.963233116594      -0.079693503412
       4.973237618845      -0.079696186638
       4.983242121096      -0.079699041073
       4.993246623347      -0.079702065870
       5.003251125598      -0.079705260184
       5.013255627850      -0.079708623179
       5.023260130101      -0.079712154024
       5.033264632352      -0.079715851890
       5.043269134603      -0.079719715958
       5.053273636854      -0.079723745410
       5.063278139105      -0.079727939436
       5.073282641356      -0.079732297230
       5.083287143607      -0.079736817991
       5.093291645858      -0.079741500922
       5.103296148109      -0.079746345234
       5.113300650361      -0.079751350140
       5.123305152612      -0.079756514859
       5.133309654863      -0.079761838615
       5.143314157114      -0.079767320637
       5.153318659365      -0.079772960158
       5.163323161616      -0.079778756416
       5.173327663867      -0.079784708655
       5.183332166118      -0.079790816122
       5.193336668369      -0.079797078069
       5.203341170620      -0.079803493754
       5.213345672872      -0.079810062437
       5.223350175123      -0.079816783384
       5.233354677374      -0.079823655867
       5.243359179625      -0.079830679160
       5.253363681876      -0.079837852542
       5.263368184127      -0.079845175297
       5.273372686378      -0.079852646714
       5.283377188629      -0.079860266084
       5.293381690880      -0.079868032704
       5.303386193131      -0.079875945876
       5.313390695383      -0.079884004905
       5.323395197634      -0.079892209099
       5.333399699885      -0.079900557773
       5.343404202136      -0.079909050243
       5.353408704387      -0.079917685833
       5.363413206638      -0.079926463867
       5.373417708889      -0.079935383676
       5.383422211140      -0.079944444593
       5.393426713391      -0.079953645957
       5.403431215642      -0.079962987108
       5.413435717894      -0.079972467393
       5.423440220145      -0.079982086161
       5.433444722396      -0.079991842765
       5.443449224647      -0.080001736563
       5.453453726898      -0.080011766916
       5.463458229149      -0.080021933188
       5.473462731400      -0.080032234748
       5.483467233651      -0.080042670969
       5.493471735902      -0.080053241225
       5.503476238153      -0.080063944897
       5.513480740405      -0.080074781367
       5.523485242656      -0.080085750022
       5.533489744907      -0.080096850254
       5.543494247158      -0.080108081455
       5.553498749409      -0.080119443022
       5.563503251660      -0.080130934358
       5.573507753911      -0.080142554865
       5.583512256162      -0.080154303952
       5.593516758413      -0.080166181030
       5.603521260665      -0.080178185514
       5.613525762916      -0.080190316820
       5.623530265167      -0.080202574372
       5.633534767418      -0.080214957592
       5.643539269669      -0.080227465910
       5.653543771920      -0.080240098755
       5.663548274171      -0.080252855564
       5.673552776422      -0.080265735772
       5.683557278673      -0.080278738820
       5.693561780924      -0.080291864154
       5.703566283176      -0.080305111219
       5.713570785427      -0.080318479466
       5.723575287678      -0.080331968349
       5.733579789929      -0.080345577322
       5.743584292180      -0.080359305847
       5.753588794431      -0.080373153386
       5.763593296682      -0.080387119403
       5.773597798933      -0.080401203368
       5.783602301184      -0.080415404752
       5.793606803435      -0.080429723029
       5.803611305687      -0.080444157676
       5.813615807938      -0.080458708175
       5.823620310189      -0.080473374007
       5.833624812440      -0.080488154659
       5.843629314691      -0.080503049620
       5.853633816942      -0.080518058381
       5.863638319193      -0.080533180436
       5.873642821444      -0.080548415284
       5.883647323695      -0.080563762424
       5.893651825946      -0.080579221358
       5.903656328198      -0.080594791593
       5.913660830449      -0.080610472636
       5.923665332700      -0.080626263998
       5.933669834951      -0.080642165193
       5.943674337202      -0.080658175736
       5.953678839453      -0.080674295148
       5.963683341704      -0.080690522948
       5.973687843955      -0.080706858662
       5.983692346206      -0.080723301816
       5.993696848457      -0.080739851938
       6.003701350709      -0.080756508561
       6.013705852960      -0.080773271219
       6.023710355211      -0.080790139449
       6.033714857462      -0.080807112789
       6.043719359713      -0.080824190782
       6.053723861964      -0.080841372971
       6.063728364215      -0.080858658904
       6.073732866466      -0.080876048129
       6.083737368717      -0.080893540198
       6.093741870968      -0.080911134665
       6.103746373220      -0.080928831085
       6.113750875471      -0.080946629017
       6.123755377722      -0.080964528022
       6.133759879973      -0.080982527664
       6.143764382224      -0.081000627508
       6.153768884475      -0.081018827121
       6.163773386726      -0.081037126074
       6.173777888977      -0.081055523939
       6.183782391228      -0.081074020291
       6.193786893480      -0.081092614707
       6.203791395731      -0.081111306765
       6.213795897982      -0.081130096047
       6.223800400233      -0.081148982136
       6.233804902484      -0.081167964618
       6.243809404735      -0.081187043081
       6.253813906986      -0.081206217114
       6.263818409237      -0.081225486311
       6.273822911488      -0.081244850264
       6.283827413739      -0.081264308570
       6.293831915991      -0.081283860827
       6.303836418242      -0.081303506637
       6.313840920493      -0.081323245601
       6.323845422744      -0.081343077324
       6.333849924995      -0.081363001412
       6.343854427246      -0.081383017475
       6.353858929497      -0.081403125122
       6.363863431748      -0.081423323967
       6.373867933999      -0.081443613624
       6.383872436250      -0.081463993709
       6.393876938502      -0.081484463841
       6.403881440753      -0.081505023641
       6.413885943004      -0.081525672730
       6.423890445255      -0.081546410734
       6.433894947506      -0.081567237278
       6.443899449757      -0.081588151990
       6.453903952008      -0.081609154501
       6.463908454259      -0.081630244442
       6.473912956510      -0.081651421447
       6.483917458761      -0.081672685151
       6.493921961013      -0.081694035193
       6.503926463264      -0.081715471210
       6.513930965515      -0.081736992845
       6.523935467766      -0.081758599739
       6.533939970017      -0.081780291538
       6.543944472268      -0.081802067888
       6.553948974519      -0.081823928437
       6.563953476770      -0.081845872835
       6.573957979021      -0.081867900734
       6.583962481272      -0.081890011786
       6.593966983524      -0.081912205647
       6.603971485775      -0.081934481975
       6.613975988026      -0.081956840426
       6.623980490277      -0.081979280662
       6.633984992528      -0.082001802344
       6.643989494779      -0.082024405137
       6.653993997030      -0.082047088704
       6.663998499281      -0.082069852713
       6.674003001532      -0.082092696832
       6.684007503784      -0.082115620732
       6.694012006035      -0.082138624083
       6.704016508286      -0.082161706560
       6.714021010537      -0.082184867838
       6.724025512788      -0.082208107592
       6.734030015039      -0.082231425500
       6.744034517290      -0.082254821244
       6.754039019541      -0.082278294503
       6.764043521792      -0.082301844960
       6.774048024043      -0.082325472300
       6.784052526295      -0.082349176208
       6.794057028546      -0.082372956372
       6.804061530797      -0.082396812480
       6.814066033048      -0.082420744223
       6.824070535299      -0.082444751293
       6.834075037550      -0.082468833382
       6.844079539801      -0.082492990186
       6.854084042052      -0.082517221401
       6.864088544303      -0.082541526725
       6.874093046554      -0.082565905856
       6.884097548806      -0.082590358496
       6.894102051057      -0.082614884345
       6.904106553308      -0.082639483108
       6.914111055559      -0.082664154490
       6.924115557810      -0.082688898196
       6.934120060061      -0.082713713934
       6.944124562312      -0.082738601414
       6.954129064563      -0.082763560345
       6.964133566814      -0.082788590439
       6.974138069065      -0.082813691410
       6.984142571317      -0.082838862972
       6.994147073568      -0.082864104840
       7.004151575819      -0.082889416732
       7.014156078070      -0.082914798366
       7.024160580321      -0.082940249462
       7.034165082572      -0.082965769742
       7.044169584823      -0.082991358926
       7.054174087074      -0.083017016740
       7.064178589325      -0.083042742908
       7.074183091576      -0.083068537157
       7.084187593828      -0.083094399213
       7.094192096079      -0.083120328807
       7.104196598330      -0.083146325667
       7.114201100581      -0.083172389525
       7.124205602832      -0.083198520114
       7.134210105083      -0.083224717167
       7.144214607334      -0.083250980420
       7.154219109585      -0.083277309608
       7.164223611836      -0.083303704470
       7.174228114087      -0.083330164744
       7.184232616339      -0.083356690169
       7.194237118590      -0.083383280487
       7.204241620841      -0.083409935441
       7.214246123092      -0.083436654772
       7.224250625343      -0.083463438227
       7.234255127594      -0.083490285551
       7.244259629845      -0.083517196491
       7.254264132096      -0.083544170794
       7.264268634347      -0.083571208211
       7.274273136599      -0.083598308491
       7.284277638850      -0.083625471386
       7.294282141101      -0.083652696649
       7.304286643352      -0.083679984034
       7.314291145603      -0.083707333294
       7.324295647854      -0.083734744187
       7.334300150105      -0.083762216469
       7.344304652356      -0.083789749899
       7.354309154607      -0.083817344235
       7.364313656858      -0.083844999239
       7.374318159110      -0.083872714671
       7.384322661361      -0.083900490294
       7.394327163612      -0.083928325872
       7.404331665863      -0.083956221169
       7.414336168114      -0.083984175951
       7.424340670365      -0.084012189985
       7.434345172616      -0.084040263037
       7.444349674867      -0.084068394878
       7.454354177118      -0.084096585277
       7.464358679369      -0.084124834005
       7.474363181621      -0.084153140833
       7.484367683872      -0.084181505535
       7.494372186123      -0.084209927885
       7.504376688374      -0.084238407656
       7.514381190625      -0.084266944626
       7.524385692876      -0.084295538571
       7.534390195127      -0.084324189268
       7.544394697378      -0.084352896498
       7.554399199629      -0.084381660039
       7.564403701880      -0.084410479672
       7.574408204132      -0.084439355179
       7.584412706383      -0.084468286342
       7.594417208634      -0.084497272946
       7.604421710885      -0.084526314775
       7.614426213136      -0.084555411614
       7.624430715387      -0.084584563251
       7.634435217638      -0.084613769471
       7.644439719889      -0.084643030064
       7.654444222140      -0.084672344818
       7.664448724391      -0.084701713525
       7.674453226643      -0.084731135974
       7.684457728894      -0.084760611959
       7.694462231145      -0.084790141271
       7.704466733396      -0.084819723705
       7.714471235647      -0.084849359055
       7.724475737898      -0.084879047117
       7.734480240149      -0.084908787687
       7.744484742400      -0.084938580563
       7.754489244651      -0.084968425542
       7.764493746902      -0.084998322424
       7.774498249154      -0.085028271008
       7.784502751405      -0.085058271096
       7.794507253656      -0.085088322488
       7.804511755907      -0.085118424988
       7.814516258158      -0.085148578399
       7.824520760409      -0.085178782525
       7.834525262660      -0.085209037170
       7.844529764911      -0.085239342141
       7.854534267162      -0.085269697244
       7.864538769414      -0.085300102287
       7.874543271665      -0.085330557078
       7.884547773916      -0.085361061425
       7.894552276167      -0.085391615140
       7.904556778418      -0.085422218032
       7.914561280669      -0.085452869913
       7.924565782920      -0.085483570596
       7.934570285171      -0.085514319893
       7.944574787422      -0.085545117618
       7.954579289673      -0.085575963587
       7.964583791925      -0.085606857613
       7.974588294176      -0.085637799514
       7.984592796427      -0.085668789107
       7.994597298678      -0.085699826209
       8.004601800929      -0.085730910639
       8.014606303180      -0.085762042215
       8.024610805431      -0.085793220759
       8.034615307682      -0.085824446091
       8.044619809933      -0.085855718032
       8.054624312184      -0.085887036404
       8.064628814436      -0.085918401031
       8.074633316687      -0.085949811736
       8.084637818938      -0.085981268344
       8.094642321189      -0.086012770680
       8.104646823440      -0.086044318570
       8.114651325691      -0.086075911840
       8.124655827942      -0.086107550318
       8.134660330193      -0.086139233831
       8.144664832444      -0.086170962210
       8.154669334695      -0.086202735282
       8.164673836947      -0.086234552879
       8.174678339198      -0.086266414830
       8.184682841449      -0.086298320969
       8.194687343700      -0.086330271126
       8.204691845951      -0.086362265135
       8.214696348202      -0.086394302830
       8.224700850453      -0.086426384044
       8.234705352704      -0.086458508613
       8.244709854955      -0.086490676372
       8.254714357206      -0.086522887159
       8.264718859458      -0.086555140809
       8.274723361709      -0.086587437160
       8.284727863960      -0.086619776051
       8.294732366211      -0.086652157320
       8.304736868462      -0.086684580808
       8.314741370713      -0.086717046354
       8.324745872964      -0.086749553800
       8.334750375215      -0.086782102987
       8.344754877466      -0.086814693757
       8.354759379718      -0.086847325953
       8.364763881969      -0.086879999418
       8.374768384220      -0.086912713997
       8.384772886471      -0.086945469534
       8.394777388722      -0.086978265875
       8.404781890973      -0.087011102866
       8.414786393224      -0.087043980352
       8.424790895475      -0.087076898182
       8.434795397726      -0.087109856204
       8.444799899977      -0.087142854265
       8.454804402229      -0.087175892214
       8.464808904480      -0.087208969902
       8.474813406731      -0.087242087178
       8.484817908982      -0.087275243893
       8.494822411233      -0.087308439900
       8.504826913484      -0.087341675049
       8.514831415735      -0.087374949193
       8.524835917986      -0.087408262185
       8.534840420237      -0.087441613880
       8.544844922488      -0.087475004132
       8.554849424740      -0.087508432795
       8.564853926991      -0.087541899725
       8.574858429242      -0.087575404778
       8.584862931493      -0.087608947810
       8.594867433744      -0.087642528679
       8.604871935995      -0.087676147243
       8.614876438246      -0.087709803360
       8.624880940497      -0.087743496888
       8.634885442748      -0.087777227688
       8.644889944999      -0.087810995618
       8.654894447251      -0.087844800541
       8.664898949502      -0.087878642316
       8.674903451753      -0.087912520805
       8.684907954004      -0.087946435870
       8.694912456255      -0.087980387375
       8.704916958506      -0.088014375182
       8.714921460757      -0.088048399155
       8.724925963008      -0.088082459158
       8.734930465259      -0.088116555057
       8.744934967510      -0.088150686715
       8.754939469762      -0.088184854000
       8.764943972013      -0.088219056778
       8.774948474264      -0.088253294916
       8.784952976515      -0.088287568280
       8.794957478766      -0.088321876739
       8.804961981017      -0.088356220161
       8.814966483268      -0.088390598416
       8.824970985519      -0.088425011372
       8.834975487770      -0.088459458900
       8.844979990021      -0.088493940870
       8.854984492273      -0.088528457153
       8.864988994524      -0.088563007620
       8.874993496775      -0.088597592143
       8.884997999026      -0.088632210595
       8.895002501277      -0.088666862849
       8.905007003528      -0.088701548778
       8.915011505779      -0.088736268255
       8.925016008030      -0.088771021156
       8.935020510281      -0.088805807354
       8.945025012533      -0.088840626726
       8.955029514784      -0.088875479147
       8.965034017035      -0.088910364494
       8.975038519286      -0.088945282642
       8.985043021537      -0.088980233470
       8.995047523788      -0.089015216855
       9.005052026039      -0.089050232674
       9.015056528290      -0.089085280808
       9.025061030541      -0.089120361133
       9.035065532792      -0.089155473531
       9.045070035044      -0.089190617881
       9.055074537295      -0.089225794064
       9.065079039546      -0.089261001960
       9.075083541797      -0.089296241450
       9.085088044048      -0.089331512417
       9.095092546299      -0.089366814742
       9.105097048550      -0.089402148309
       9.115101550801      -0.089437512999
       9.125106053052      -0.089472908698
       9.135110555303      -0.089508335288
       9.145115057555      -0.089543792654
       9.155119559806      -0.089579280681
       9.165124062057      -0.089614799255
       9.175128564308      -0.089650348259
       9.185133066559      -0.089685927582
       9.195137568810      -0.089721537109
       9.205142071061      -0.089757176728
       9.215146573312      -0.089792846325
       9.225151075563      -0.089828545789
       9.235155577814      -0.089864275007
       9.245160080066      -0.089900033869
       9.255164582317      -0.089935822262
       9.265169084568      -0.089971640078
       9.275173586819      -0.090007487205
       9.285178089070      -0.090043363533
       9.295182591321      -0.090079268955
       9.305187093572      -0.090115203359
       9.315191595823      -0.090151166639
       9.325196098074      -0.090187158685
       9.335200600325      -0.090223179390
       9.345205102577      -0.090259228647
       9.355209604828      -0.090295306349
       9.365214107079      -0.090331412389
       9.375218609330      -0.090367546660
       9.385223111581      -0.090403709058
       9.395227613832      -0.090439899477
       9.405232116083      -0.090476117811
       9.415236618334      -0.090512363956
       9.425241120585      -0.090548637809
       9.435245622836      -0.090584939264
       9.445250125088      -0.090621268218
       9.455254627339      -0.090657624569
       9.465259129590      -0.090694008214
       9.475263631841      -0.090730419050
       9.485268134092      -0.090766856975
       9.495272636343      -0.090803321887
       9.505277138594      -0.090839813686
       9.515281640845      -0.090876332270
       9.525286143096      -0.090912877539
       9.535290645348      -0.090949449393
       9.545295147599      -0.090986047732
       9.555299649850      -0.091022672456
       9.565304152101      -0.091059323466
       9.575308654352      -0.091096000665
       9.585313156603      -0.091132703952
       9.595317658854      -0.091169433230
       9.605322161105      -0.091206188403
       9.615326663356      -0.091242969371
       9.625331165607      -0.091279776038
       9.635335667859      -0.091316608309
       9.645340170110      -0.091353466085
       9.655344672361      -0.091390349272
       9.665349174612      -0.091427257774
       9.675353676863      -0.091464191495
       9.685358179114      -0.091501150341
       9.695362681365      -0.091538134216
       9.705367183616      -0.091575143028
       9.715371685867      -0.091612176682
       9.725376188118      -0.091649235083
       9.735380690370      -0.091686318140
       9.745385192621      -0.091723425760
       9.755389694872      -0.091760557848
       9.765394197123      -0.091797714314
       9.775398699374      -0.091834895066
       9.785403201625      -0.091872100011
       9.795407703876      -0.091909329059
       9.805412206127      -0.091946582118
       9.815416708378      -0.091983859099
       9.825421210629      -0.092021159910
       9.835425712881      -0.092058484462
       9.845430215132      -0.092095832664
       9.855434717383      -0.092133204429
       9.865439219634      -0.092170599666
       9.875443721885      -0.092208018286
       9.885448224136      -0.092245460202
       9.895452726387      -0.092282925326
       9.905457228638      -0.092320413568
       9.915461730889      -0.092357924843
       9.925466233140      -0.092395459063
       9.935470735392      -0.092433016140
       9.945475237643      -0.092470595989
       9.955479739894      -0.092508198523
       9.965484242145      -0.092545823656
       9.975488744396      -0.092583471302
       9.985493246647      -0.092621141376
       9.995497748898      -0.092658833793
      10.005502251149      -0.092696548468
      10.015506753400      -0.092734285317
      10.025511255652      -0.092772044255
      10.035515757903      -0.092809825198
      10.045520260154      -0.092847628064
      10.055524762405      -0.092885452768
      10.065529264656      -0.092923299227
      10.075533766907      -0.092961167359
      10.085538269158      -0.092999057081
      10.095542771409      -0.093036968312
      10.105547273660      -0.093074900968
      10.115551775911      -0.093112854969
      10.125556278163      -0.093150830233
      10.135560780414      -0.093188826679
      10.145565282665      -0.093226844227
      10.155569784916      -0.093264882795
      10.165574287167      -0.093302942304
      10.175578789418      -0.093341022673
      10.185583291669      -0.093379123823
      10.195587793920      -0.093417245675
      10.205592296171      -0.093455388149
      10.215596798422      -0.093493551167
      10.225601300674      -0.093531734650
      10.235605802925      -0.093569938519
      10.245610305176      -0.093608162697
      10.255614807427      -0.093646407105
      10.265619309678      -0.093684671667
      10.275623811929      -0.093722956305
      10.285628314180      -0.093761260941
      10.295632816431      -0.093799585500
      10.305637318682      -0.093837929904
      10.315641820933      -0.093876294078
      10.325646323185      -0.093914677945
      10.335650825436      -0.093953081430
      10.345655327687      -0.093991504457
      10.355659829938      -0.094029946951
      10.365664332189      -0.094068408838
      10.375668834440      -0.094106890042
      10.385673336691      -0.094145390489
      10.395677838942      -0.094183910105
      10.405682341193      -0.094222448816
      10.415686843444      -0.094261006548
      10.425691345696      -0.094299583227
      10.435695847947      -0.094338178782
      10.445700350198      -0.094376793138
      10.455704852449      -0.094415426223
      10.465709354700      -0.094454077964
      10.475713856951      -0.094492748289
      10.485718359202      -0.094531437127
      10.495722861453      -0.094570144405
      10.505727363704      -0.094608870053
      10.515731865955      -0.094647613998
      10.525736368207      -0.094686376169
      10.535740870458      -0.094725156497
      10.545745372709      -0.094763954910
      10.555749874960      -0.094802771338
      10.565754377211      -0.094841605712
      10.575758879462      -0.094880457960
      10.585763381713      -0.094919328014
      10.595767883964      -0.094958215804
      10.605772386215      -0.094997121261
      10.615776888467      -0.095036044316
      10.625781390718      -0.095074984901
      10.635785892969      -0.095113942946
      10.645790395220      -0.095152918384
      10.655794897471      -0.095191911147
      10.665799399722      -0.095230921167
      10.675803901973      -0.095269948376
      10.685808404224      -0.095308992706
      10.695812906475      -0.095348054092
      10.705817408726      -0.095387132466
      10.715821910978      -0.095426227761
      10.725826413229      -0.095465339910
      10.735830915480      -0.095504468848
      10.745835417731      -0.095543614509
      10.755839919982      -0.095582776827
      10.765844422233      -0.095621955735
      10.775848924484      -0.095661151169
      10.785853426735      -0.095700363064
      10.795857928986      -0.095739591354
      10.805862431237      -0.095778835976
      10.815866933489      -0.095818096863
      10.825871435740      -0.095857373953
      10.835875937991      -0.095896667180
      10.845880440242      -0.095935976482
      10.855884942493      -0.095975301794
      10.865889444744      -0.096014643053
      10.875893946995      -0.096054000195
      10.885898449246      -0.096093373158
      10.895902951497      -0.096132761878
      10.905907453748      -0.096172166294
      10.915911956000      -0.096211586341
      10.925916458251      -0.096251021960
      10.935920960502      -0.096290473086
      10.945925462753      -0.096329939659
      10.955929965004      -0.096369421616
      10.965934467255      -0.096408918897
      10.975938969506      -0.096448431439
      10.985943471757      -0.096487959183
      10.995947974008      -0.096527502066
      11.005952476259      -0.096567060029
      11.015956978511      -0.096606633011
      11.025961480762      -0.096646220952
      11.035965983013      -0.096685823791
      11.045970485264      -0.096725441469
      11.055974987515      -0.096765073926
      11.065979489766      -0.096804721102
      11.075983992017      -0.096844382938
      11.085988494268      -0.096884059376
      11.095992996519      -0.096923750356
      11.105997498770      -0.096963455819
      11.116002001022      -0.097003175707
      11.126006503273      -0.097042909961
      11.136011005524      -0.097082658524
      11.146015507775      -0.097122421337
      11.156020010026      -0.097162198342
      11.166024512277      -0.097201989482
      11.176029014528      -0.097241794700
      11.186033516779      -0.097281613938
      11.196038019030      -0.097321447138
      11.206042521282      -0.097361294245
      11.216047023533      -0.097401155202
      11.226051525784      -0.097441029951
      11.236056028035      -0.097480918437
      11.246060530286      -0.097520820603
      11.256065032537      -0.097560736394
      11.266069534788      -0.097600665753
      11.276074037039      -0.097640608625
      11.286078539290      -0.097680564955
      11.296083041541      -0.097720534687
      11.306087543793      -0.097760517765
      11.316092046044      -0.097800514136
      11.326096548295      -0.097840523744
      11.336101050546      -0.097880546535
      11.346105552797      -0.097920582455
      11.356110055048      -0.097960631448
      11.366114557299      -0.098000693461
      11.376119059550      -0.098040768440
      11.386123561801      -0.098080856332
      11.396128064052      -0.098120957082
      11.406132566304      -0.098161070637
      11.416137068555      -0.098201196945
      11.426141570806      -0.098241335951
      11.436146073057      -0.098281487604
      11.446150575308      -0.098321651850
      11.456155077559      -0.098361828637
      11.466159579810      -0.098402017912
      11.476164082061      -0.098442219623
      11.486168584312      -0.098482433718
      11.496173086563      -0.098522660145
      11.506177588815      -0.098562898853
      11.516182091066      -0.098603149789
      11.526186593317      -0.098643412903
      11.536191095568      -0.098683688143
      11.546195597819      -0.098723975457
      11.556200100070      -0.098764274796
      11.566204602321      -0.098804586107
      11.576209104572      -0.098844909341
      11.586213606823      -0.098885244447
      11.596218109074      -0.098925591375
      11.606222611326      -0.098965950074
      11.616227113577      -0.099006320495
      11.626231615828      -0.099046702587
      11.636236118079      -0.099087096302
      11.646240620330      -0.099127501588
      11.656245122581      -0.099167918398
      11.666249624832      -0.099208346681
      11.676254127083      -0.099248786388
      11.686258629334      -0.099289237472
      11.696263131586      -0.099329699882
      11.706267633837      -0.099370173570
      11.716272136088      -0.099410658488
      11.726276638339      -0.099451154588
      11.736281140590      -0.099491661820
      11.746285642841      -0.099532180138
      11.756290145092      -0.099572709493
      11.766294647343      -0.099613249837
      11.776299149594      -0.099653801123
      11.786303651845      -0.099694363303
      11.796308154097      -0.099734936331
      11.806312656348      -0.099775520158
      11.816317158599      -0.099816114738
      11.826321660850      -0.099856720024
      11.836326163101      -0.099897335969
      11.846330665352      -0.099937962527
      11.856335167603      -0.099978599651
      11.866339669854      -0.100019247295
      11.876344172105      -0.100059905412
      11.886348674356      -0.100100573957
      11.896353176608      -0.100141252884
      11.906357678859      -0.100181942147
      11.916362181110      -0.100222641700
      11.926366683361      -0.100263351498
      11.936371185612      -0.100304071495
      11.946375687863      -0.100344801647
      11.956380190114      -0.100385541907
      11.966384692365      -0.100426292233
      11.976389194616      -0.100467052577
      11.986393696867      -0.100507822897
      11.996398199119      -0.100548603147
      12.006402701370      -0.100589393283
      12.016407203621      -0.100630193260
      12.026411705872      -0.100671003035
      12.036416208123      -0.100711822564
      12.046420710374      -0.100752651803
      12.056425212625      -0.100793490707
      12.066429714876      -0.100834339234
      12.076434217127      -0.100875197340
      12.086438719378      -0.100916064981
      12.096443221630      -0.100956942115
      12.106447723881      -0.100997828699
      12.116452226132      -0.101038724688
      12.126456728383      -0.101079630042
      12.136461230634      -0.101120544716
      12.146465732885      -0.101161468669
      12.156470235136      -0.101202401857
      12.166474737387      -0.101243344240
      12.176479239638      -0.101284295773
      12.186483741889      -0.101325256417
      12.196488244141      -0.101366226127
      12.206492746392      -0.101407204864
      12.216497248643      -0.101448192584
      12.226501750894      -0.101489189247
      12.236506253145      -0.101530194811
      12.246510755396      -0.101571209235
      12.256515257647      -0.101612232477
      12.266519759898      -0.101653264497
      12.276524262149      -0.101694305254
      12.286528764401      -0.101735354706
      12.296533266652      -0.101776412814
      12.306537768903      -0.101817479536
      12.316542271154      -0.101858554832
      12.326546773405      -0.101899638662
      12.336551275656      -0.101940730985
      12.346555777907      -0.101981831762
      12.356560280158      -0.102022940953
      12.366564782409      -0.102064058517
      12.376569284660      -0.102105184415
      12.386573786912      -0.102146318607
      12.396578289163      -0.102187461054
      12.406582791414      -0.102228611717
      12.416587293665      -0.102269770556
      12.426591795916      -0.102310937531
      12.436596298167      -0.102352112605
      12.446600800418      -0.102393295738
      12.456605302669      -0.102434486891
      12.466609804920      -0.102475686025
      12.476614307171      -0.102516893103
      12.486618809423      -0.102558108085
      12.496623311674      -0.102599330933
      12.506627813925      -0.102640561609
      12.516632316176      -0.102681800075
      12.526636818427      -0.102723046293
      12.536641320678      -0.102764300224
      12.546645822929      -0.102805561832
      12.556650325180      -0.102846831078
      12.566654827431      -0.102888107925
      12.576659329682      -0.102929392335
      12.586663831934      -0.102970684271
      12.596668334185      -0.103011983696
      12.606672836436      -0.103053290573
      12.616677338687      -0.103094604865
      12.626681840938      -0.103135926534
      12.636686343189      -0.103177255544
      12.646690845440      -0.103218591858
      12.656695347691      -0.103259935439
      12.666699849942      -0.103301286252
      12.676704352193      -0.103342644260
      12.686708854445      -0.103384009426
      12.696713356696      -0.103425381714
      12.706717858947      -0.103466761089
      12.716722361198      -0.103508147513
      12.726726863449      -0.103549540953
      12.736731365700      -0.103590941370
      12.746735867951      -0.103632348731
      12.756740370202      -0.103673763000
      12.766744872453      -0.103715184140
      12.776749374704      -0.103756612117
      12.786753876956      -0.103798046895
      12.796758379207      -0.103839488440
      12.806762881458      -0.103880936716
      12.816767383709      -0.103922391688
      12.826771885960      -0.103963853321
      12.836776388211      -0.104005321582
      12.846780890462      -0.104046796435
      12.856785392713      -0.104088277845
      12.866789894964      -0.104129765778
      12.876794397216      -0.104171260200
      12.886798899467      -0.104212761077
      12.896803401718      -0.104254268374
      12.906807903969      -0.104295782058
      12.916812406220      -0.104337302094
      12.926816908471      -0.104378828448
      12.936821410722      -0.104420361088
      12.946825912973      -0.104461899979
      12.956830415224      -0.104503445087
      12.966834917475      -0.104544996380
      12.976839419727      -0.104586553823
      12.986843921978      -0.104628117384
      12.996848424229      -0.104669687030
      13.006852926480      -0.104711262727
      13.016857428731      -0.104752844442
      13.026861930982      -0.104794432143
      13.036866433233      -0.104836025796
      13.046870935484      -0.104877625370
      13.056875437735      -0.104919230830
      13.066879939986      -0.104960842146
      13.076884442238      -0.105002459284
      13.086888944489      -0.105044082212
      13.096893446740      -0.105085710898
      13.106897948991      -0.105127345310
      13.116902451242      -0.105168985416
      13.126906953493      -0.105210631183
      13.136911455744      -0.105252282580
      13.146915957995      -0.105293939575
      13.156920460246      -0.105335602137
      13.166924962497      -0.105377270233
      13.176929464749      -0.105418943833
      13.186933967000      -0.105460622904
      13.196938469251      -0.105502307416
      13.206942971502      -0.105543997337
      13.216947473753      -0.105585692637
      13.226951976004      -0.105627393283
      13.236956478255      -0.105669099245
      13.246960980506      -0.105710810493
      13.256965482757      -0.105752526995
      13.266969985008      -0.105794248721
      13.276974487260      -0.105835975639
      13.286978989511      -0.105877707720
      13.296983491762      -0.105919444933
      13.306987994013      -0.105961187248
      13.316992496264      -0.106002934634
      13.326996998515      -0.106044687062
      13.337001500766      -0.106086444500
      13.347006003017      -0.106128206919
      13.357010505268      -0.106169974289
      13.367015007520      -0.106211746581
      13.377019509771      -0.106253523764
      13.387024012022      -0.106295305808
      13.397028514273      -0.106337092685
      13.407033016524      -0.106378884364
      13.417037518775      -0.106420680817
      13.427042021026      -0.106462482013
      13.437046523277      -0.106504287924
      13.447051025528      -0.106546098519
      13.457055527779      -0.106587913771
      13.467060030031      -0.106629733650
      13.477064532282      -0.106671558128
      13.487069034533      -0.106713387174
      13.497073536784      -0.106755220761
      13.507078039035      -0.106797058860
      13.517082541286      -0.106838901442
      13.527087043537      -0.106880748478
      13.537091545788      -0.106922599941
      13.547096048039      -0.106964455801
      13.557100550290      -0.107006316031
      13.567105052542      -0.107048180601
      13.577109554793      -0.107090049485
      13.587114057044      -0.107131922654
      13.597118559295      -0.107173800079
      13.607123061546      -0.107215681734
      13.617127563797      -0.107257567589
      13.627132066048      -0.107299457618
      13.637136568299      -0.107341351793
      13.647141070550      -0.107383250085
      13.657145572801      -0.107425152468
      13.667150075053      -0.107467058914
      13.677154577304      -0.107508969396
      13.687159079555      -0.107550883886
      13.697163581806      -0.107592802357
      13.707168084057      -0.107634724782
      13.717172586308      -0.107676651134
      13.727177088559      -0.107718581386
      13.737181590810      -0.107760515510
      13.747186093061      -0.107802453481
      13.757190595312      -0.107844395271
      13.767195097564      -0.107886340853
      13.777199599815      -0.107928290201
      13.787204102066      -0.107970243288
      13.797208604317      -0.108012200089
      13.807213106568      -0.108054160575
      13.817217608819      -0.108096124722
      13.827222111070      -0.108138092502
      13.837226613321      -0.108180063890
      13.847231115572      -0.108222038859
      13.857235617823      -0.108264017384
      13.867240120075      -0.108305999438
      13.877244622326      -0.108347984996
      13.887249124577      -0.108389974031
      13.897253626828      -0.108431966518
      13.907258129079      -0.108473962430
      13.917262631330      -0.108515961744
      13.927267133581      -0.108557964432
      13.937271635832      -0.108599970470
      13.947276138083      -0.108641979832
      13.957280640335      -0.108683992492
      13.967285142586      -0.108726008425
      13.977289644837      -0.108768027607
      13.987294147088      -0.108810050012
      13.997298649339      -0.108852075614
      14.007303151590      -0.108894104390
      14.017307653841      -0.108936136313
      14.027312156092      -0.108978171360
      14.037316658343      -0.109020209504
      14.047321160594      -0.109062250722
      14.057325662846      -0.109104294989
      14.067330165097      -0.109146342280
      14.077334667348      -0.109188392571
      14.087339169599      -0.109230445837
      14.097343671850      -0.109272502054
      14.107348174101      -0.109314561197
      14.117352676352      -0.109356623242
      14.127357178603      -0.109398688166
      14.137361680854      -0.109440755943
      14.147366183105      -0.109482826550
      14.157370685357      -0.109524899962
      14.167375187608      -0.109566976157
      14.177379689859      -0.109609055109
      14.187384192110      -0.109651136795
      14.197388694361      -0.109693221192
      14.207393196612      -0.109735308275
      14.217397698863      -0.109777398022
      14.227402201114      -0.109819490407
      14.237406703365      -0.109861585409
      14.247411205616      -0.109903683003
      14.257415707868      -0.109945783166
      14.267420210119      -0.109987885876
      14.277424712370      -0.110029991107
      14.287429214621      -0.110072098839
      14.297433716872      -0.110114209046
      14.307438219123      -0.110156321707
      14.317442721374      -0.110198436797
      14.327447223625      -0.110240554296
      14.337451725876      -0.110282674178
      14.347456228127      -0.110324796422
      14.357460730379      -0.110366921005
      14.367465232630      -0.110409047905
      14.377469734881      -0.110451177097
      14.387474237132      -0.110493308561
      14.397478739383      -0.110535442273
      14.407483241634      -0.110577578211
      14.417487743885      -0.110619716353
      14.427492246136      -0.110661856676
      14.437496748387      -0.110703999158
      14.447501250638      -0.110746143777
      14.457505752890      -0.110788290511
      14.467510255141      -0.110830439337
      14.477514757392      -0.110872590234
      14.487519259643      -0.110914743179
      14.497523761894      -0.110956898151
      14.507528264145      -0.110999055128
      14.517532766396      -0.111041214088
      14.527537268647      -0.111083375009
      14.537541770898      -0.111125537870
      14.547546273150      -0.111167702649
      14.557550775401      -0.111209869324
      14.567555277652      -0.111252037874
      14.577559779903      -0.111294208278
      14.587564282154      -0.111336380514
      14.597568784405      -0.111378554560
      14.607573286656      -0.111420730396
      14.617577788907      -0.111462908000
      14.627582291158      -0.111505087352
      14.637586793409      -0.111547268429
      14.647591295661      -0.111589451211
      14.657595797912      -0.111631635677
      14.667600300163      -0.111673821806
      14.677604802414      -0.111716009578
      14.687609304665      -0.111758198970
      14.697613806916      -0.111800389963
      14.707618309167      -0.111842582536
      14.717622811418      -0.111884776668
      14.727627313669      -0.111926972338
      14.737631815920      -0.111969169526
      14.747636318172      -0.112011368212
      14.757640820423      -0.112053568375
      14.767645322674      -0.112095769994
      14.777649824925      -0.112137973050
      14.787654327176      -0.112180177521
      14.797658829427      -0.112222383388
      14.807663331678      -0.112264590631
      14.817667833929      -0.112306799230
      14.827672336180      -0.112349009163
      14.837676838431      -0.112391220412
      14.847681340683      -0.112433432957
      14.857685842934      -0.112475646777
      14.867690345185      -0.112517861852
      14.877694847436      -0.112560078163
      14.887699349687      -0.112602295691
      14.897703851938      -0.112644514414
      14.907708354189      -0.112686734315
      14.917712856440      -0.112728955372
      14.927717358691      -0.112771177567
      14.937721860942      -0.112813400880
      14.947726363194      -0.112855625291
      14.957730865445      -0.112897850782
      14.967735367696      -0.112940077333
      14.977739869947      -0.112982304924
      14.987744372198      -0.113024533536
      14.997748874449      -0.113066763151
      15.007753376700      -0.113108993748
      15.017757878951      -0.113151225310
      15.027762381202      -0.113193457816
      15.037766883454      -0.113235691248
      15.047771385705      -0.113277925587
      15.057775887956      -0.113320160814
      15.067780390207      -0.113362396910
      15.077784892458      -0.113404633856
      15.087789394709      -0.113446871634
      15.097793896960      -0.113489110225
      15.107798399211      -0.113531349610
      15.117802901462      -0.113573589771
      15.127807403713      -0.113615830689
      15.137811905965      -0.113658072346
      15.147816408216      -0.113700314722
      15.157820910467      -0.113742557801
      15.167825412718      -0.113784801563
      15.177829914969      -0.113827045989
      15.187834417220      -0.113869291063
      15.197838919471      -0.113911536765
      15.207843421722      -0.113953783078
      15.217847923973      -0.113996029983
      15.227852426224      -0.114038277462
      15.237856928476      -0.114080525498
      15.247861430727      -0.114122774072
      15.257865932978      -0.114165023166
      15.267870435229      -0.114207272762
      15.277874937480      -0.114249522843
      15.287879439731      -0.114291773391
      15.297883941982      -0.114334024387
      15.307888444233      -0.114376275815
      15.317892946484      -0.114418527657
      15.327897448735      -0.114460779895
      15.337901950987      -0.114503032511
      15.347906453238      -0.114545285488
      15.357910955489      -0.114587538809
      15.367915457740      -0.114629792455
      15.377919959991      -0.114672046411
      15.387924462242      -0.114714300657
      15.397928964493      -0.114756555178
      15.407933466744      -0.114798809956
      15.417937968995      -0.114841064973
      15.427942471246      -0.114883320212
      15.437946973498      -0.114925575657
      15.447951475749      -0.114967831290
      15.457955978000      -0.115010087095
      15.467960480251      -0.115052343053
      15.477964982502      -0.115094599149
      15.487969484753      -0.115136855365
      15.497973987004      -0.115179111685
      15.507978489255      -0.115221368091
      15.517982991506      -0.115263624568
      15.527987493757      -0.115305881097
      15.537991996009      -0.115348137664
      15.547996498260      -0.115390394250
      15.558001000511      -0.115432650839
      15.568005502762      -0.115474907415
      15.578010005013      -0.115517163962
      15.588014507264      -0.115559420462
      15.598019009515      -0.115601676900
      15.608023511766      -0.115643933258
      15.618028014017      -0.115686189522
      15.628032516269      -0.115728445673
      15.638037018520      -0.115770701697
      15.648041520771      -0.115812957576
      15.658046023022      -0.115855213296
      15.668050525273      -0.115897468839
      15.678055027524      -0.115939724189
      15.688059529775      -0.115981979331
      15.698064032026      -0.116024234248
      15.708068534277      -0.116066488924
      15.718073036528      -0.116108743344
      15.728077538780      -0.116150997492
      15.738082041031      -0.116193251352
      15.748086543282      -0.116235504907
      15.758091045533      -0.116277758143
      15.768095547784      -0.116320011043
      15.778100050035      -0.116362263593
      15.788104552286      -0.116404515775
      15.798109054537      -0.116446767575
      15.808113556788      -0.116489018977
      15.818118059039      -0.116531269965
      15.828122561291      -0.116573520524
      15.838127063542      -0.116615770639
      15.848131565793      -0.116658020294
      15.858136068044      -0.116700269474
      15.868140570295      -0.116742518163
      15.878145072546      -0.116784766346
      15.888149574797      -0.116827014009
      15.898154077048      -0.116869261135
      15.908158579299      -0.116911507709
      15.918163081550      -0.116953753717
      15.928167583802      -0.116995999143
      15.938172086053      -0.117038243973
      15.948176588304      -0.117080488190
      15.958181090555      -0.117122731781
      15.968185592806      -0.117164974730
      15.978190095057      -0.117207217023
      15.988194597308      -0.117249458644
      15.998199099559      -0.117291699579
      16.008203601810      -0.117333939813
      16.018208104061      -0.117376179331
      16.028212606313      -0.117418418118
      16.038217108564      -0.117460656160
      16.048221610815      -0.117502893442
      16.058226113066      -0.117545129950
      16.068230615317      -0.117587365668
      16.078235117568      -0.117629600583
      16.088239619819      -0.117671834680
      16.098244122070      -0.117714067945
      16.108248624321      -0.117756300362
      16.118253126573      -0.117798531918
      16.128257628824      -0.117840762598
      16.138262131075      -0.117882992389
      16.148266633326      -0.117925221275
      16.158271135577      -0.117967449242
      16.168275637828      -0.118009676277
      16.178280140079      -0.118051902365
      16.188284642330      -0.118094127492
      16.198289144581      -0.118136351643
      16.208293646832      -0.118178574806
      16.218298149084      -0.118220796965
      16.228302651335      -0.118263018107
      16.238307153586      -0.118305238218
      16.248311655837      -0.118347457284
      16.258316158088      -0.118389675291
      16.268320660339      -0.118431892225
      16.278325162590      -0.118474108073
      16.288329664841      -0.118516322820
      16.298334167092      -0.118558536453
      16.308338669343      -0.118600748958
      16.318343171595      -0.118642960321
      16.328347673846      -0.118685170529
      16.338352176097      -0.118727379569
      16.348356678348      -0.118769587426
      16.358361180599      -0.118811794087
      16.368365682850      -0.118853999539
      16.378370185101      -0.118896203768
      16.388374687352      -0.118938406760
      16.398379189603      -0.118980608503
      16.408383691854      -0.119022808983
      16.418388194106      -0.119065008186
      16.428392696357      -0.119107206100
      16.438397198608      -0.119149402710
      16.448401700859      -0.119191598004
      16.458406203110      -0.119233791969
      16.468410705361      -0.119275984592
      16.478415207612      -0.119318175858
      16.488419709863      -0.119360365756
      16.498424212114      -0.119402554271
      16.508428714365      -0.119444741392
      16.518433216617      -0.119486927105
      16.528437718868      -0.119529111396
      16.538442221119      -0.119571294254
      16.548446723370      -0.119613475665
      16.558451225621      -0.119655655616
      16.568455727872      -0.119697834095
      16.578460230123      -0.119740011089
      16.588464732374      -0.119782186584
      16.598469234625      -0.119824360568
      16.608473736876      -0.119866533029
      16.618478239128      -0.119908703954
      16.628482741379      -0.119950873329
      16.638487243630      -0.119993041143
      16.648491745881      -0.120035207383
      16.658496248132      -0.120077372036
      16.668500750383      -0.120119535090
      16.678505252634      -0.120161696532
      16.688509754885      -0.120203856350
      16.698514257136      -0.120246014532
      16.708518759388      -0.120288171064
      16.718523261639      -0.120330325935
      16.728527763890      -0.120372479132
      16.738532266141      -0.120414630643
      16.748536768392      -0.120456780456
      16.758541270643      -0.120498928558
      16.768545772894      -0.120541074938
      16.778550275145      -0.120583219582
      16.788554777396      -0.120625362479
      16.798559279647      -0.120667503617
      16.808563781899      -0.120709642984
      16.818568284150      -0.120751780567
      16.828572786401      -0.120793916354
      16.838577288652      -0.120836050334
      16.848581790903      -0.120878182495
      16.858586293154      -0.120920312824
      16.868590795405      -0.120962441309
      16.878595297656      -0.121004567940
      16.888599799907      -0.121046692703
      16.898604302158      -0.121088815587
      16.908608804410      -0.121130936581
      16.918613306661      -0.121173055672
      16.928617808912      -0.121215172849
      16.938622311163      -0.121257288100
      16.948626813414      -0.121299401413
      16.958631315665      -0.121341512777
      16.968635817916      -0.121383622180
      16.978640320167      -0.121425729610
      16.988644822418      -0.121467835057
      16.998649324669      -0.121509938507
      17.008653826921      -0.121552039951
      17.018658329172      -0.121594139376
      17.028662831423      -0.121636236770
      17.038667333674      -0.121678332123
      17.048671835925      -0.121720425424
      17.058676338176      -0.121762516660
      17.068680840427      -0.121804605820
      17.078685342678      -0.121846692893
      17.088689844929      -0.121888777868
      17.098694347180      -0.121930860733
      17.108698849432      -0.121972941478
      17.118703351683      -0.122015020091
      17.128707853934      -0.122057096561
      17.138712356185      -0.122099170876
      17.148716858436      -0.122141243026
      17.158721360687      -0.122183312999
      17.168725862938      -0.122225380785
      17.178730365189      -0.122267446372
      17.188734867440      -0.122309509750
      17.198739369691      -0.122351570907
      17.208743871943      -0.122393629832
      17.218748374194      -0.122435686515
      17.228752876445      -0.122477740945
      17.238757378696      -0.122519793110
      17.248761880947      -0.122561843000
      17.258766383198      -0.122603890605
      17.268770885449      -0.122645935912
      17.278775387700      -0.122687978912
      17.288779889951      -0.122730019594
      17.298784392203      -0.122772057946
      17.308788894454      -0.122814093959
      17.318793396705      -0.122856127622
      17.328797898956      -0.122898158924
      17.338802401207      -0.122940187854
      17.348806903458      -0.122982214402
      17.358811405709      -0.123024238557
      17.368815907960      -0.123066260309
      17.378820410211      -0.123108279647
      17.388824912462      -0.123150296561
      17.398829414714      -0.123192311040
      17.408833916965      -0.123234323074
      17.418838419216      -0.123276332652
      17.428842921467      -0.123318339765
      17.438847423718      -0.123360344401
      17.448851925969      -0.123402346550
      17.458856428220      -0.123444346203
      17.468860930471      -0.123486343348
      17.478865432722      -0.123528337976
      17.488869934973      -0.123570330076
      17.498874437225      -0.123612319638
      17.508878939476      -0.123654306653
      17.518883441727      -0.123696291109
      17.528887943978      -0.123738272996
      17.538892446229      -0.123780252305
      17.548896948480      -0.123822229026
      17.558901450731      -0.123864203148
      17.568905952982      -0.123906174661
      17.578910455233      -0.123948143556
      17.588914957484      -0.123990109822
      17.598919459736      -0.124032073449
      17.608923961987      -0.124074034428
      17.618928464238      -0.124115992748
      17.628932966489      -0.124157948400
      17.638937468740      -0.124199901374
      17.648941970991      -0.124241851660
      17.658946473242      -0.124283799248
      17.668950975493      -0.124325744129
      17.678955477744      -0.124367686292
      17.688959979995      -0.124409625728
      17.698964482247      -0.124451562427
      17.708968984498      -0.124493496380
      17.718973486749      -0.124535427576
      17.728977989000      -0.124577356007
      17.738982491251      -0.124619281662
      17.748986993502      -0.124661204532
      17.758991495753      -0.124703124608
      17.768995998004      -0.124745041879
      17.779000500255      -0.124786956336
      17.789005002507      -0.124828867971
      17.799009504758      -0.124870776772
      17.809014007009      -0.124912682732
      17.819018509260      -0.124954585839
      17.829023011511      -0.124996486086
      17.839027513762      -0.125038383462
      17.849032016013      -0.125080277959
      17.859036518264      -0.125122169566
      17.869041020515      -0.125164058275
      17.879045522766      -0.125205944077
      17.889050025018      -0.125247826961
      17.899054527269      -0.125289706919
      17.909059029520      -0.125331583941
      17.919063531771      -0.125373458019
      17.929068034022      -0.125415329143
      17.939072536273      -0.125457197304
      17.949077038524      -0.125499062492
      17.959081540775      -0.125540924699
      17.969086043026      -0.125582783916
      17.979090545277      -0.125624640133
      17.989095047529      -0.125666493342
      17.999099549780      -0.125708343533
      18.009104052031      -0.125750190698
      18.019108554282      -0.125792034827
      18.029113056533      -0.125833875911
      18.039117558784      -0.125875713942
      18.049122061035      -0.125917548910
      18.059126563286      -0.125959380807
      18.069131065537      -0.126001209624
      18.079135567788      -0.126043035352
      18.089140070040      -0.126084857982
      18.099144572291      -0.126126677505
      18.109149074542      -0.126168493913
      18.119153576793      -0.126210307196
      18.129158079044      -0.126252117347
      18.139162581295      -0.126293924355
      18.149167083546      -0.126335728213
      18.159171585797      -0.126377528912
      18.169176088048      -0.126419326443
      18.179180590299      -0.126461120798
      18.189185092551      -0.126502911968
      18.199189594802      -0.126544699944
      18.209194097053      -0.126586484717
      18.219198599304      -0.126628266280
      18.229203101555      -0.126670044623
      18.239207603806      -0.126711819739
      18.249212106057      -0.126753591618
      18.259216608308      -0.126795360252
      18.269221110559      -0.126837125633
      18.279225612810      -0.126878887752
      18.289230115062      -0.126920646601
      18.299234617313      -0.126962402171
      18.309239119564      -0.127004154454
      18.319243621815      -0.127045903442
      18.329248124066      -0.127087649127
      18.339252626317      -0.127129391499
      18.349257128568      -0.127171130551
      18.359261630819      -0.127212866274
      18.369266133070      -0.127254598661
      18.379270635322      -0.127296327702
      18.389275137573      -0.127338053391
      18.399279639824      -0.127379775718
      18.409284142075      -0.127421494675
      18.419288644326      -0.127463210254
      18.429293146577      -0.127504922447
      18.439297648828      -0.127546631247
      18.449302151079      -0.127588336644
      18.459306653330      -0.127630038631
      18.469311155581      -0.127671737200
      18.479315657833      -0.127713432342
      18.489320160084      -0.127755124050
      18.499324662335      -0.127796812316
      18.509329164586      -0.127838497131
      18.519333666837      -0.127880178488
      18.529338169088      -0.127921856379
      18.539342671339      -0.127963530795
      18.549347173590      -0.128005201730
      18.559351675841      -0.128046869174
      18.569356178092      -0.128088533121
      18.579360680344      -0.128130193562
      18.589365182595      -0.128171850490
      18.599369684846      -0.128213503896
      18.609374187097      -0.128255153773
      18.619378689348      -0.128296800113
      18.629383191599      -0.128338442909
      18.639387693850      -0.128380082152
      18.649392196101      -0.128421717836
      18.659396698352      -0.128463349951
      18.669401200603      -0.128504978491
      18.679405702855      -0.128546603448
      18.689410205106      -0.128588224814
      18.699414707357      -0.128629842582
      18.709419209608      -0.128671456743
      18.719423711859      -0.128713067291
      18.729428214110      -0.128754674218
      18.739432716361      -0.128796277517
      18.749437218612      -0.128837877179
      18.759441720863      -0.128879473197
      18.769446223114      -0.128921065564
      18.779450725366      -0.128962654272
      18.789455227617      -0.129004239315
      18.799459729868      -0.129045820683
      18.809464232119      -0.129087398371
      18.819468734370      -0.129128972370
      18.829473236621      -0.129170542673
      18.839477738872      -0.129212109273
      18.849482241123      -0.129253672162
      18.859486743374      -0.129295231334
      18.869491245625      -0.129336786780
      18.879495747877      -0.129378338494
      18.889500250128      -0.129419886468
      18.899504752379      -0.129461430695
      18.909509254630      -0.129502971167
      18.919513756881      -0.129544507878
      18.929518259132      -0.129586040821
      18.939522761383      -0.129627569987
      18.949527263634      -0.129669095370
      18.959531765885      -0.129710616963
      18.969536268137      -0.129752134759
      18.979540770388      -0.129793648750
      18.989545272639      -0.129835158929
      18.999549774890      -0.129876665289
      19.009554277141      -0.129918167824
      19.019558779392      -0.129959666526
      19.029563281643      -0.130001161388
      19.039567783894      -0.130042652403
      19.049572286145      -0.130084139564
      19.059576788396      -0.130125622863
      19.069581290648      -0.130167102295
      19.079585792899      -0.130208577853
      19.089590295150      -0.130250049528
      19.099594797401      -0.130291517314
      19.109599299652      -0.130332981205
      19.119603801903      -0.130374441194
      19.129608304154      -0.130415897273
      19.139612806405      -0.130457349435
      19.149617308656      -0.130498797675
      19.159621810907      -0.130540241984
      19.169626313159      -0.130581682357
      19.179630815410      -0.130623118786
      19.189635317661      -0.130664551265
      19.199639819912      -0.130705979787
      19.209644322163      -0.130747404345
      19.219648824414      -0.130788824932
      19.229653326665      -0.130830241542
      19.239657828916      -0.130871654169
      19.249662331167      -0.130913062804
      19.259666833418      -0.130954467443
      19.269671335670      -0.130995868077
      19.279675837921      -0.131037264701
      19.289680340172      -0.131078657307
      19.299684842423      -0.131120045890
      19.309689344674      -0.131161430442
      19.319693846925      -0.131202810958
      19.329698349176      -0.131244187430
      19.339702851427      -0.131285559852
      19.349707353678      -0.131326928217
      19.359711855929      -0.131368292519
      19.369716358181      -0.131409652752
      19.379720860432      -0.131451008909
      19.389725362683      -0.131492360983
      19.399729864934      -0.131533708969
      19.409734367185      -0.131575052859
      19.419738869436      -0.131616392647
      19.429743371687      -0.131657728327
      19.439747873938      -0.131699059893
      19.449752376189      -0.131740387338
      19.459756878441      -0.131781710655
      19.469761380692      -0.131823029839
      19.479765882943      -0.131864344883
      19.489770385194      -0.131905655781
      19.499774887445      -0.131946962527
      19.509779389696      -0.131988265113
      19.519783891947      -0.132029563535
      19.529788394198      -0.132070857785
      19.539792896449      -0.132112147858
      19.549797398700      -0.132153433747
      19.559801900952      -0.132194715446
      19.569806403203      -0.132235992950
      19.579810905454      -0.132277266250
      19.589815407705      -0.132318535343
      19.599819909956      -0.132359800221
      19.609824412207      -0.132401060878
      19.619828914458      -0.132442317309
      19.629833416709      -0.132483569506
      19.639837918960      -0.132524817465
      19.649842421211      -0.132566061178
      19.659846923463      -0.132607300641
      19.669851425714      -0.132648535846
      19.679855927965      -0.132689766788
      19.689860430216      -0.132730993461
      19.699864932467      -0.132772215859
      19.709869434718      -0.132813433976
      19.719873936969      -0.132854647806
      19.729878439220      -0.132895857342
      19.739882941471      -0.132937062580
      19.749887443722      -0.132978263513
      19.759891945974      -0.133019460135
      19.769896448225      -0.133060652440
      19.779900950476      -0.133101840422
      19.789905452727      -0.133143024077
      19.799909954978      -0.133184203396
      19.809914457229      -0.133225378376
      19.819918959480      -0.133266549010
      19.829923461731      -0.133307715292
      19.839927963982      -0.133348877216
      19.849932466233      -0.133390034777
      19.859936968485      -0.133431187969
      19.869941470736      -0.133472336786
      19.879945972987      -0.133513481223
      19.889950475238      -0.133554621273
      19.899954977489      -0.133595756931
      19.909959479740      -0.133636888191
      19.919963981991      -0.133678015048
      19.929968484242      -0.133719137496
      19.939972986493      -0.133760255529
      19.949977488744      -0.133801369141
      19.959981990996      -0.133842478327
      19.969986493247      -0.133883583082
      19.979990995498      -0.133924683400
      19.989995497749      -0.133965779274
      20.000000000000      -0.134006870701
